# 
# 
# 
# 
# 
# 
# 
# 
# 
# 
# time,realtime,ref,inp,inp0,inp1,dis,state...
0.000000000000000000e+00,1.644609550692564011e+09,-0.000000000000000000e+00,-6.089448018850930622e-02,-2.298947405598485094e+00,-6.089448018850930622e-02,0.000000000000000000e+00,0.000000000000000000e+00,0.000000000000000000e+00
1.666666666666666644e-02,1.644609550694550037e+09,-6.418826485120109801e-06,-6.089448018850930622e-02,-2.322609416971820995e+00,-6.089448018850930622e-02,0.000000000000000000e+00,-8.410775988228356420e-06,-1.006497227153593322e-03
3.333333333333333287e-02,1.644609550696511030e+09,-2.573099529579324401e-05,-2.884475377350440711e-02,-2.251623382851817290e+00,-2.884475377350440711e-02,6.554416811020512150e-06,-2.902985835947123822e-05,-1.466514800727240081e-03
5.000000000000000278e-02,1.644609550712775707e+09,-5.798354769857891035e-05,-2.884475377350440711e-02,-1.723171795514014670e+00,-2.884475377350440711e-02,2.538228703685628090e-05,-5.724976191864723356e-05,-1.918617755275856679e-03
6.666666666666666574e-02,1.644609550732397795e+09,-1.031767434332470410e-04,-2.884475377350440711e-02,-1.873031200878466862e+00,-2.884475377350440711e-02,5.413036346579454239e-05,-9.293829933597073435e-05,-2.362772941359176770e-03
8.333333333333332871e-02,1.644609550749349117e+09,-1.612669257716369193e-04,-6.089448018850930622e-02,-2.062327291865142076e+00,-6.089448018850930622e-02,8.896668294798774196e-05,-1.403899888465952783e-04,-3.328746476941240456e-03
1.000000000000000056e-01,1.644609550765328169e+09,-2.321699459471909181e-04,-2.884475377350440711e-02,-1.865143863754022080e+00,-2.884475377350440711e-02,1.246019007009392427e-04,-1.993761703784722864e-04,-3.748429493289421200e-03
1.166666666666666685e-01,1.644609550781284571e+09,-3.157650632640398637e-04,-6.089448018850930622e-02,-1.928242560749580559e+00,-6.089448018850930622e-02,1.543540894588426703e-04,-2.697217168390318742e-04,-4.690419381813035540e-03
1.333333333333333315e-01,1.644609550799638271e+09,-4.118992299738261369e-04,-2.884475377350440711e-02,-1.470777007531781866e+00,-2.884475377350440711e-02,1.702564111404418457e-04,-3.512080660206201663e-04,-5.086841322004180196e-03
1.499999999999999944e-01,1.644609550816615582e+09,-5.203916641662132770e-04,-2.884475377350440711e-02,-1.178945533927323375e+00,-2.884475377350440711e-02,1.632062052751674652e-04,-4.392476673204971779e-04,-5.476827513508124128e-03
1.666666666666666574e-01,1.644609550833362818e+09,-6.410386095336579465e-04,-2.884475377350440711e-02,-1.076410151309541874e+00,-2.884475377350440711e-02,1.231531933766387356e-04,-5.337387055333995710e-04,-5.861029818297351125e-03
1.833333333333333204e-01,1.644609550849332333e+09,-7.736181780026473494e-04,-6.089448018850930622e-02,-9.581000944428694766e-01,-6.089448018850930622e-02,3.932368582160518410e-05,-6.390183520564884402e-04,-6.770002780152390397e-03
2.000000000000000111e-01,1.644609550866295099e+09,-9.178951699133207787e-04,-2.884475377350440711e-02,-1.115846836931764896e+00,-2.884475377350440711e-02,-9.952308881550196598e-05,-7.549144535262478908e-04,-7.136511293054629071e-03
2.166666666666666741e-01,1.644609550882732630e+09,-1.073625766698801812e-03,-2.884475377350440711e-02,-1.344579613540664909e+00,-2.884475377350440711e-02,-3.048111196377810655e-04,-8.768967623576154596e-04,-7.500355065775631686e-03
2.333333333333333370e-01,1.644609550900714874e+09,-1.240561992866332387e-03,-6.089448018850930622e-02,-1.210494882425103391e+00,-6.089448018850930622e-02,-5.878414386582611617e-04,-1.009358696277448371e-03,-8.392598492308590841e-03
2.500000000000000000e-01,1.644609550918699265e+09,-1.418455847496296555e-03,-2.884475377350440711e-02,-1.478664344656226426e+00,-2.884475377350440711e-02,-9.594694137553362112e-04,-1.152192722102575451e-03,-8.746501519604458694e-03
2.666666666666666630e-01,1.644609550936591387e+09,-1.607063010414450056e-03,-6.089448018850930622e-02,-1.486551681780671208e+00,-6.089448018850930622e-02,-1.429771749722111036e-03,-1.305367933050891310e-03,-9.632063840959999290e-03
2.833333333333333259e-01,1.644609550952548265e+09,-1.806146034599806320e-03,-2.884475377350440711e-02,-1.802045166758463379e+00,-2.884475377350440711e-02,-2.007709798955984587e-03,-1.468833302599507635e-03,-9.982806197619056854e-03
2.999999999999999889e-01,1.644609550968529940e+09,-2.015476944189604092e-03,-2.884475377350440711e-02,-1.549650378776229909e+00,-2.884475377350440711e-02,-2.700796036533883223e-03,-1.638191662800093885e-03,-1.033920700091910810e-02
3.166666666666666519e-01,1.644609550987845182e+09,-2.234839166539458188e-03,-2.884475377350440711e-02,-1.297255590793995772e+00,-2.884475377350440711e-02,-3.514770694078084030e-03,-1.813553236718078599e-03,-1.070317083479416578e-02
3.333333333333333148e-01,1.644609551003779888e+09,-2.464028737080263196e-03,3.204972641501691987e-03,-1.399790973411778827e+00,3.204972641501691987e-03,-4.453295569053252780e-03,-1.990633508987336119e-03,-1.054689594465076791e-02
3.499999999999999778e-01,1.644609551020917892e+09,-2.702854727056849815e-03,3.204972641501691987e-03,-1.518101030278449670e+00,3.204972641501691987e-03,-5.517671928809983820e-03,-2.165277796713909863e-03,-1.041079664504599919e-02
3.666666666666666408e-01,1.644609551038882732e+09,-2.951138856495975123e-03,3.204972641501691987e-03,-1.502326356029560550e+00,3.204972641501691987e-03,-6.706589211462226849e-03,-2.337836774731890440e-03,-1.029659794319402744e-02
3.833333333333333037e-01,1.644609551054855347e+09,-3.208714267778974873e-03,3.204972641501691987e-03,-1.660073098518457524e+00,3.204972641501691987e-03,-8.015910890029865135e-03,-2.508689058397577283e-03,-1.020592796367047680e-02
4.000000000000000222e-01,1.644609551074778080e+09,-3.475423448822917254e-03,-2.884475377350440711e-02,-1.683735109891791204e+00,-2.884475377350440711e-02,-9.438503415479001027e-03,-2.682665912514464041e-03,-1.067000539603664769e-02
4.166666666666666852e-01,1.644609551089034319e+09,-3.751115308929227864e-03,3.204972641501691987e-03,-1.928242560749580559e+00,3.204972641501691987e-03,-1.096411359342054463e-02,-2.860097285732282266e-03,-1.062189303868414300e-02
4.333333333333333481e-01,1.644609551106586456e+09,-4.035641424659832874e-03,3.204972641501691987e-03,-2.322609416971820995e+00,3.204972641501691987e-03,-1.257929908507907091e-02,-3.036956521856402219e-03,-1.060127257661964625e-02
4.500000000000000111e-01,1.644609551121955395e+09,-4.328851487461654254e-03,3.204972641501691987e-03,-2.046552617616251624e+00,3.204972641501691987e-03,-1.426741596416379945e-02,-3.213708095266950594e-03,-1.060889505858680047e-02
4.666666666666666741e-01,1.644609551139909267e+09,-4.630587998991941498e-03,3.204972641501691987e-03,-2.022890606242917499e+00,3.204972641501691987e-03,-1.600866641745262581e-02,-3.390826159604047423e-03,-1.064517189051555207e-02
4.833333333333333370e-01,1.644609551156861305e+09,-4.940680274009745694e-03,3.204972641501691987e-03,-2.133313325985145337e+00,3.204972641501691987e-03,-1.778020875964936992e-02,-3.568788513544749515e-03,-1.071013013854397837e-02
5.000000000000000000e-01,1.644609551174892902e+09,-5.258937824104863330e-03,-2.884475377350440711e-02,-1.880918538002911200e+00,-2.884475377350440711e-02,-1.955633095507649730e-02,-3.752496575975159190e-03,-1.133310682158991667e-02
5.166666666666666075e-01,1.644609551189853191e+09,-5.585143208249859943e-03,-2.884475377350440711e-02,-2.030777943367362059e+00,-2.884475377350440711e-02,-2.130868781381353369e-02,-3.946743573676395403e-03,-1.197475051701064538e-02
5.333333333333333259e-01,1.644609551208148241e+09,-5.919044448005726308e-03,3.204972641501691987e-03,-2.496130833709605756e+00,3.204972641501691987e-03,-2.300660097269767099e-02,-4.147403801228987698e-03,-1.210411742831131975e-02
5.500000000000000444e-01,1.644609551223761559e+09,-6.260347116015798838e-03,3.204972641501691987e-03,-2.393595451091823811e+00,3.204972641501691987e-03,-2.461741969761430809e-02,-4.350424762833622963e-03,-1.225797058430856158e-02
5.666666666666666519e-01,1.644609551244728327e+09,-6.608706216026469064e-03,3.204972641501691987e-03,-2.172750011607368581e+00,3.204972641501691987e-03,-2.610693946867604504e-02,-4.556194426644210801e-03,-1.243390036761754525e-02
5.833333333333333703e-01,1.644609551259685993e+09,-6.963717980928388340e-03,3.204972641501691987e-03,-2.227961371478482278e+00,3.204972641501691987e-03,-2.743987425048068085e-02,-4.765056059617652981e-03,-1.262895376146041908e-02
5.999999999999999778e-01,1.644609551276622534e+09,-7.324911722083805865e-03,3.204972641501691987e-03,-2.220074034354037718e+00,3.204972641501691987e-03,-2.858037732197676525e-02,-4.977299168469706200e-03,-1.283963406394961725e-02
6.166666666666666963e-01,1.644609551294593096e+09,-7.691741868377056229e-03,3.204972641501691987e-03,-2.030777943367362059e+00,3.204972641501691987e-03,-2.949260456072227629e-02,-5.193150513709467002e-03,-1.306190991736353238e-02
6.333333333333333037e-01,1.644609551310834885e+09,-8.063580336893595366e-03,3.204972641501691987e-03,-1.707397121265125328e+00,3.204972641501691987e-03,-3.014131316027940030e-02,-5.412765355609801092e-03,-1.329123408410949267e-02
6.500000000000000222e-01,1.644609551327791214e+09,-8.439709378817075031e-03,3.204972641501691987e-03,-1.376128962038443593e+00,3.204972641501691987e-03,-3.049248792231269364e-02,-5.636219097020922150e-03,-1.352257226404522152e-02
6.666666666666666297e-01,1.644609551343770742e+09,-8.819315043970476012e-03,3.204972641501691987e-03,-1.573312390149563589e+00,3.204972641501691987e-03,-3.051398652097701489e-02,-5.863499491616636604e-03,-1.375044210077409554e-02
6.833333333333333481e-01,1.644609551360453844e+09,-9.201481405375270747e-03,3.204972641501691987e-03,-1.533875704527340345e+00,3.204972641501691987e-03,-3.017619449967067977e-02,-6.094499587326418152e-03,-1.396896236936713033e-02
6.999999999999999556e-01,1.644609551380700111e+09,-9.585185681241321573e-03,3.204972641501691987e-03,-1.029086128562872515e+00,3.204972641501691987e-03,-2.945268024121446698e-02,-6.329011573233825697e-03,-1.417191217678826810e-02
7.166666666666666741e-01,1.644609551396651030e+09,-9.969294385932513450e-03,3.204972641501691987e-03,-9.896494429406480497e-01,3.204972641501691987e-03,-2.832083976257127045e-02,-6.566721694031252797e-03,-1.435279984134200069e-02
7.333333333333332815e-01,1.644609551411967516e+09,-1.035256063370340943e-02,-2.884475377350440711e-02,-1.060635477060650977e+00,-2.884475377350440711e-02,-2.676252093332106077e-02,-6.811633113373500789e-03,-1.503467633378017740e-02
7.500000000000000000e-01,1.644609551430947781e+09,-1.073362270941788550e-02,3.204972641501691987e-03,-1.084297488433986434e+00,3.204972641501691987e-03,-2.476461661044907295e-02,-7.063112284055377173e-03,-1.514252456258075724e-02
7.666666666666666075e-01,1.644609551445552826e+09,-1.111100400911098178e-02,3.204972641501691987e-03,-8.397900375761971903e-01,3.204972641501691987e-03,-2.231961622590472247e-02,-7.316036324492990357e-03,-1.520817791521652737e-02
7.833333333333333259e-01,1.644609551463436127e+09,-1.148311444023239480e-02,3.204972641501691987e-03,-6.426066094650770832e-01,3.204972641501691987e-03,-1.942610556115960743e-02,-7.569645866263914613e-03,-1.522492058877323445e-02
8.000000000000000444e-01,1.644609551480434895e+09,-1.184825335682609081e-02,3.204972641501691987e-03,-8.634520489495310924e-01,3.204972641501691987e-03,-1.608920479585939853e-02,-7.823071245688970055e-03,-1.518623241192080739e-02
8.166666666666666519e-01,1.644609551498369932e+09,-1.220461408888904968e-02,3.204972641501691987e-03,-1.218382219549547951e+00,3.204972641501691987e-03,-1.232093542473720188e-02,-8.075336690550979912e-03,-1.508589968011272292e-02
8.333333333333333703e-01,1.644609551514327049e+09,-1.255029010786508532e-02,3.204972641501691987e-03,-1.171058196802878815e+00,3.204972641501691987e-03,-8.140507295160493220e-03,-8.325366378403998083e-03,-1.491812890315401784e-02
8.499999999999999778e-01,1.644609551530288458e+09,-1.288328285183712105e-02,-2.884475377350440711e-02,-1.226269556673992733e+00,-2.884475377350440711e-02,-3.574517821816305691e-03,-8.576419126684439037e-03,-1.520739734812892076e-02
8.666666666666666963e-01,1.644609551549525976e+09,-1.320151121466965963e-02,-2.884475377350440711e-02,-9.817621058162033787e-01,-2.884475377350440711e-02,1.342943622253527222e-03,-8.831573859584178690e-03,-1.541060611775002878e-02
8.833333333333333037e-01,1.644609551564462185e+09,-1.350282268332211183e-02,3.204972641501691987e-03,-7.924660148295278317e-01,3.204972641501691987e-03,6.570292067174739875e-03,-9.084938609834442361e-03,-1.499432028902182405e-02
9.000000000000000222e-01,1.644609551581757307e+09,-1.378500608701743908e-02,3.204972641501691987e-03,-9.502127573184248055e-01,3.204972641501691987e-03,1.205854879956235262e-02,-9.330664719787254771e-03,-1.449420215505127681e-02
9.166666666666666297e-01,1.644609551598705769e+09,-1.404580590113085198e-02,3.204972641501691987e-03,-9.659874315673141476e-01,3.204972641501691987e-03,1.775155215268021253e-02,-9.567338283609656477e-03,-1.390825317799251025e-02
9.333333333333333481e-01,1.644609551615651608e+09,-1.428293802779269546e-02,3.204972641501691987e-03,-1.242044230922881853e+00,3.204972641501691987e-03,2.358627929469264695e-02,-9.793521067288613394e-03,-1.323554952871031434e-02
9.499999999999999556e-01,1.644609551630195856e+09,-1.449410695451368997e-02,3.204972641501691987e-03,-1.171058196802878815e+00,3.204972641501691987e-03,2.949327961942512996e-02,-1.000776915981095756e-02,-1.247633056517252412e-02
9.666666666666666741e-01,1.644609551650156021e+09,-1.467702417188036269e-02,3.204972641501691987e-03,-1.155283522553989473e+00,3.204972641501691987e-03,3.539721883202222308e-02,-1.020865301161313736e-02,-1.163207685547828010e-02
9.833333333333332815e-01,1.644609551667079926e+09,-1.482942771177308411e-02,3.204972641501691987e-03,-1.021198791438427955e+00,3.204972641501691987e-03,4.121753127370803016e-02,-1.039477867253877329e-02,-1.070557612929914915e-02
1.000000000000000000e+00,1.644609551683011532e+09,-1.494910264886796514e-02,3.204972641501691987e-03,0.000000000000000000e+00,3.204972641501691987e-03,4.686917646544908750e-02,-1.056481001538346273e-02,-9.700975634671947512e-03
1.016666666666666607e+00,1.644609551699992895e+09,-1.503390239063026601e-02,3.204972641501691987e-03,-1.226269556673992733e+00,3.204972641501691987e-03,5.226349429032181582e-02,-1.071749170670303550e-02,-8.623819494488649262e-03
1.033333333333333215e+00,1.644609551717944860e+09,-1.508177056481680225e-02,-2.884475377350440711e-02,-1.186832871051768157e+00,-2.884475377350440711e-02,5.730915169980767276e-02,-1.085609938851506834e-02,-8.010805180571562226e-03
1.050000000000000044e+00,1.644609551734873056e+09,-1.509076329889560628e-02,3.204972641501691987e-03,-1.344579613540664909e+00,3.204972641501691987e-03,6.191317234128070751e-02,-1.097951220110545897e-02,-6.802089951601465040e-03
1.066666666666666652e+00,1.644609551752632141e+09,-1.505907167296634611e-02,3.204972641501691987e-03,-1.462889670407337528e+00,3.204972641501691987e-03,6.598203908363452219e-02,-1.108238471432551955e-02,-5.546100576295800999e-03
1.083333333333333259e+00,1.644609551769224405e+09,-1.498504411691448622e-02,3.204972641501691987e-03,-1.218382219549547951e+00,3.204972641501691987e-03,6.942285808597950525e-02,-1.116402230153223235e-02,-4.253999143631068472e-03
1.100000000000000089e+00,1.644609551787939787e+09,-1.486720851382703802e-02,3.204972641501691987e-03,-8.950013974473109979e-01,3.204972641501691987e-03,7.214457183057673695e-02,-1.122392740609533951e-02,-2.938268297866654041e-03
1.116666666666666696e+00,1.644609551805225849e+09,-1.470429376529374874e-02,3.204972641501691987e-03,0.000000000000000000e+00,3.204972641501691987e-03,7.405920744465001315e-02,-1.126182094220360558e-02,-1.612638426989193357e-03
1.133333333333333304e+00,1.644609551822159052e+09,-1.449525057024322709e-02,3.204972641501691987e-03,-9.265507459450895711e-01,3.204972641501691987e-03,7.508314568422917723e-02,-1.127766231692923019e-02,-2.919950801680540244e-04
1.149999999999999911e+00,1.644609551839134455e+09,-1.423927116753008308e-02,3.204972641501691987e-03,-1.186832871051768157e+00,3.204972641501691987e-03,7.513839516300147015e-02,-1.127166774604028594e-02,1.007733145684721254e-03
1.166666666666666741e+00,1.644609551856674910e+09,-1.393580779368073716e-02,3.204972641501691987e-03,-1.036973465687317075e+00,3.204972641501691987e-03,7.415385579488108225e-02,-1.124432654223365968e-02,2.269705749151139894e-03
1.183333333333333348e+00,1.644609551871685028e+09,-1.358458961107843546e-02,3.204972641501691987e-03,-1.462889670407337528e+00,3.204972641501691987e-03,7.206655499327978276e-02,-1.119641506501649168e-02,3.476319732513662424e-03
1.199999999999999956e+00,1.644609551890831709e+09,-1.318563786845662958e-02,3.525469905650659153e-02,-8.555647118250864214e-01,3.525469905650659153e-02,6.882283994338064814e-02,-1.112458131220561003e-02,5.139111629700902559e-03
1.216666666666666563e+00,1.644609551909781456e+09,-1.273927906487498304e-02,3.204972641501691987e-03,-9.423254201939801344e-01,3.204972641501691987e-03,6.437950924425746291e-02,-1.103030446601238786e-02,6.171242814936998486e-03
1.233333333333333393e+00,1.644609551925715685e+09,-1.224615590035000971e-02,3.204972641501691987e-03,-7.530293292073048095e-01,3.204972641501691987e-03,5.870486741116399260e-02,-1.091975177623434254e-02,7.092520792703380095e-03
1.250000000000000000e+00,1.644609551941680193e+09,-1.170723581094914451e-02,3.204972641501691987e-03,-8.003533519539725027e-01,3.204972641501691987e-03,5.177968613784941082e-02,-1.079492821036043965e-02,7.884108206485329617e-03
1.266666666666666607e+00,1.644609551960645437e+09,-1.112381690334922346e-02,3.204972641501691987e-03,0.000000000000000000e+00,3.204972641501691987e-03,4.359805684478403054e-02,-1.065815090609243017e-02,8.527381393655416100e-03
1.283333333333333215e+00,1.644609551976555586e+09,-1.049753112349894810e-02,3.204972641501691987e-03,-6.662686208384109854e-01,3.204972641501691987e-03,3.416811987938707385e-02,-1.051204369885076761e-02,9.004159061761898841e-03
1.300000000000000044e+00,1.644609551993559599e+09,-9.830344515967974484e-03,3.204972641501691987e-03,-8.871140603228663268e-01,3.204972641501691987e-03,2.351265678366064316e-02,-1.035952778778963246e-02,9.296936974453468006e-03
1.316666666666666652e+00,1.644609552011768341e+09,-9.124554454651835275e-03,3.204972641501691987e-03,-1.131621511180654238e+00,3.204972641501691987e-03,1.166953329521174844e-02,-1.020380846160729403e-02,9.389126080549687822e-03
1.333333333333333259e+00,1.644609552027748346e+09,-8.382783751534641364e-03,3.204972641501691987e-03,-8.161280262028632881e-01,3.204972641501691987e-03,-1.308017811069130771e-03,-1.004835784936290895e-02,9.265291382145846369e-03
1.350000000000000089e+00,1.644609552043007135e+09,-7.607971577980101978e-03,3.204972641501691987e-03,-1.013311454313983173e+00,3.204972641501691987e-03,-1.535128331462016181e-02,-9.896893707486789996e-03,8.911388729051086116e-03
1.366666666666666696e+00,1.644609552059962273e+09,-6.803361162285049071e-03,3.525469905650659153e-02,0.000000000000000000e+00,3.525469905650659153e-02,-3.037613306747796380e-02,-9.748927577491720356e-03,8.844732032206491928e-03
1.383333333333333304e+00,1.644609552076792955e+09,-5.972484257727670928e-03,6.730442547151148369e-02,0.000000000000000000e+00,6.730442547151148369e-02,-4.628326600832875087e-02,-9.599833562722492192e-03,9.045990675156975747e-03
1.399999999999999911e+00,1.644609552093521595e+09,-5.119142406803070533e-03,6.730442547151148369e-02,-8.476773747006416393e-01,6.730442547151148369e-02,-6.295864219386901328e-02,-9.449716246460888522e-03,8.968303080189412788e-03
1.416666666666666741e+00,1.644609552111593962e+09,-4.247385059463504656e-03,3.525469905650659153e-02,-6.031699238428525067e-01,3.525469905650659153e-02,-8.027410222033443121e-02,-9.307701337382465537e-03,8.075964785047191896e-03
1.433333333333333348e+00,1.644609552128540516e+09,-3.361484635665626126e-03,3.525469905650659153e-02,-9.581000944428694766e-01,3.525469905650659153e-02,-9.808817318242457617e-02,-9.182895971382495220e-03,6.903934850281921720e-03
1.449999999999999956e+00,1.644609552144689322e+09,-2.465908655056747289e-03,3.525469905650659153e-02,-1.257818905171771195e+00,3.525469905650659153e-02,-1.162470580397815256e-01,-9.079970670506472968e-03,5.451136899684650219e-03
1.466666666666666563e+00,1.644609552160705566e+09,-1.565289088881013533e-03,6.730442547151148369e-02,-1.486551681780671208e+00,6.730442547151148369e-02,-1.345858029594486360e-01,-8.999164240023709710e-03,4.248974177736268391e-03
1.483333333333333393e+00,1.644609552178612471e+09,-6.643891208254237065e-04,3.525469905650659153e-02,-2.156975337358479017e+00,3.525469905650659153e-02,-1.529296349040284442e-01,-8.945188195017312813e-03,2.233749201937840732e-03
1.500000000000000000e+00,1.644609552198862314e+09,2.319324657698447999e-04,3.525469905650659153e-02,-1.825707178131797503e+00,3.525469905650659153e-02,-1.710954594677910889e-01,-8.927029961814663891e-03,-4.842170478621711516e-05
1.516666666666666607e+00,1.644609552214819670e+09,1.118759027476388989e-03,3.525469905650659153e-02,-2.259510719976262294e+00,3.525469905650659153e-02,-1.888935067552745262e-01,-8.949050970978434869e-03,-2.587047490601911831e-03
1.533333333333333215e+00,1.644609552230242014e+09,1.991155652404432656e-03,6.730442547151148369e-02,-2.732750947442950107e+00,6.730442547151148369e-02,-2.061291109773350783e-01,-9.010985639696452928e-03,-4.838857580314287303e-03
1.550000000000000044e+00,1.644609552247796297e+09,2.844210303226572117e-03,6.730442547151148369e-02,-3.765992110745219890e+00,6.730442547151148369e-02,-2.226046074360737703e-01,-9.112415059234843170e-03,-7.325764526851935576e-03
1.566666666666666652e+00,1.644609552265171051e+09,3.673076187179342717e-03,6.730442547151148369e-02,-3.529371997011875095e+00,6.730442547151148369e-02,-2.381213287097325437e-01,-9.257092612338558082e-03,-1.002803536105190477e-02
1.583333333333333259e+00,1.644609552281109333e+09,4.473015007356384055e-03,6.730442547151148369e-02,-3.221765849158527040e+00,6.730442547151148369e-02,-2.524816801574744085e-01,-9.448418232590329036e-03,-1.292299731889951647e-02
1.600000000000000089e+00,1.644609552298175335e+09,5.239440731090012904e-03,6.730442547151148369e-02,-3.718668087998550753e+00,6.730442547151148369e-02,-2.654912733664223090e-01,-9.689390256721537240e-03,-1.598513942635015547e-02
1.616666666666666696e+00,1.644609552315179348e+09,5.967963495698941703e-03,6.730442547151148369e-02,-3.482047974265205958e+00,6.730442547151148369e-02,-2.769610948821106255e-01,-9.982559255518644661e-03,-1.918624825106303444e-02
1.633333333333333304e+00,1.644609552335112333e+09,6.654433259580115612e-03,3.525469905650659153e-02,-3.537259334136319655e+00,3.525469905650659153e-02,-2.867096865191007815e-01,-1.033441113385833582e-02,-2.302531283043324911e-02
1.649999999999999911e+00,1.644609552351036072e+09,7.294982797735401377e-03,3.525469905650659153e-02,-3.008807746798517702e+00,3.525469905650659153e-02,-2.945653127590916465e-01,-1.075080219135490962e-02,-2.693076533464642403e-02
1.666666666666666741e+00,1.644609552367990494e+09,7.886069635514709325e-03,3.525469905650659153e-02,-2.567116867829608573e+00,3.525469905650659153e-02,-3.003680902247767848e-01,-1.123254618339209268e-02,-3.086757786208041074e-02
1.683333333333333348e+00,1.644609552383948088e+09,8.424516512763163475e-03,3.525469905650659153e-02,-2.803736981562953368e+00,3.525469905650659153e-02,-3.039720539815208844e-01,-1.177985774431488525e-02,-3.479888888324118856e-02
1.699999999999999956e+00,1.644609552402907848e+09,8.907549972774573416e-03,6.730442547151148369e-02,-3.245427860531862496e+00,6.730442547151148369e-02,-3.052471354749602961e-01,-1.238789755163827687e-02,-3.815656090930861360e-02
1.716666666666666563e+00,1.644609552419884443e+09,9.332836676551718030e-03,6.730442547151148369e-02,-2.511905507958494432e+00,6.730442547151148369e-02,-3.040810272669642877e-01,-1.305127373261296027e-02,-4.143946142492480750e-02
1.733333333333333393e+00,1.644609552433848381e+09,9.698517052878084105e-03,3.525469905650659153e-02,-2.188524685856259033e+00,3.525469905650659153e-02,-3.003809103876003417e-01,-1.377282714853865844e-02,-4.513667819785067287e-02
1.750000000000000000e+00,1.644609552453762054e+09,1.000323590861030253e-02,6.730442547151148369e-02,-1.510213693154005110e+00,6.730442547151148369e-02,-2.940750210759118799e-01,-1.455019248580512181e-02,-4.813882278732421749e-02
1.766666666666666607e+00,1.644609552468723059e+09,1.024616964136445402e-02,6.730442547151148369e-02,-1.699509784140680546e+00,6.730442547151148369e-02,-2.851140349328858958e-01,-1.537594121264344686e-02,-5.094323421817546771e-02
1.783333333333333215e+00,1.644609552487670898e+09,1.042704971830167755e-02,3.525469905650659153e-02,-1.920355223625134666e+00,3.525469905650659153e-02,-2.734722480477931872e-01,-1.625086153808065481e-02,-5.403860637592636934e-02
1.800000000000000044e+00,1.644609552504624844e+09,1.054618210990577142e-02,6.730442547151148369e-02,-1.715284458389569888e+00,6.730442547151148369e-02,-2.591485364724078200e-01,-1.717053874273920602e-02,-5.631633102128275753e-02
1.816666666666666652e+00,1.644609552521579981e+09,1.060446239632441973e-02,6.730442547151148369e-02,-1.683735109891791204e+00,6.730442547151148369e-02,-2.421670774911347246e-01,-1.812551793676807355e-02,-5.827572936091427597e-02
1.833333333333333259e+00,1.644609552538535118e+09,1.060338629582356640e-02,6.730442547151148369e-02,-1.652185761394011188e+00,6.730442547151148369e-02,-2.225778184501869816e-01,-1.911017745848123811e-02,-5.987895972217903429e-02
1.849999999999999867e+00,1.644609552555490017e+09,1.054505539994986772e-02,6.730442547151148369e-02,-1.455002333282891192e+00,6.730442547151148369e-02,-2.004566814436596345e-01,-2.011828066475686641e-02,-6.109006078210587470e-02
1.866666666666666696e+00,1.644609552571511984e+09,1.043217793784726073e-02,6.730442547151148369e-02,-1.573312390149563589e+00,6.730442547151148369e-02,-1.759054948837716348e-01,-2.114301058867725305e-02,-6.187534868172316072e-02
1.883333333333333304e+00,1.644609552590796709e+09,1.026806443253004686e-02,6.730442547151148369e-02,-2.180637348731813141e+00,6.730442547151148369e-02,-1.490516458788165854e-01,-2.217701111287753366e-02,-6.220380183097796306e-02
1.899999999999999911e+00,1.644609552609352112e+09,1.005661815445871646e-02,3.525469905650659153e-02,-1.888805875127355760e+00,3.525469905650659153e-02,-1.200474503752252953e-01,-2.321686114036831602e-02,-6.257716432546582552e-02
1.916666666666666741e+00,1.644609552625301600e+09,9.802320322134310329e-03,3.525469905650659153e-02,-2.078101966114031640e+00,3.525469905650659153e-02,-8.906924115705715239e-02,-2.425860358137207906e-02,-6.243233091947123642e-02
1.933333333333333348e+00,1.644609552644121647e+09,9.510210045256109468e-03,6.730442547151148369e-02,-1.762608481136238803e+00,6.730442547151148369e-02,-5.631617700274119814e-02,-2.528900154297007360e-02,-6.121879548339373422e-02
1.949999999999999956e+00,1.644609552658032656e+09,9.185859052866793620e-03,3.525469905650659153e-02,-1.944017234998469901e+00,3.525469905650659153e-02,-2.200877953911608773e-02,-2.629902969743497937e-02,-5.998800200363898355e-02
1.966666666666666563e+00,1.644609552676981926e+09,8.835341296438654901e-03,6.730442547151148369e-02,-1.675847772767346422e+00,6.730442547151148369e-02,1.361279243034509492e-02,-2.727936783154796818e-02,-5.765904357116171525e-02
1.983333333333333393e+00,1.644609552692939281e+09,8.465197565589372905e-03,6.730442547151148369e-02,-1.273593579420661870e+00,6.730442547151148369e-02,5.029071815045582650e-02,-2.821614569528542449e-02,-5.476234664705813965e-02
2.000000000000000000e+00,1.644609552710891485e+09,8.082395301629937204e-03,6.730442547151148369e-02,-1.257818905171771195e+00,6.730442547151148369e-02,8.775172360308873543e-02,-2.909987123741393164e-02,-5.129435195368629158e-02
2.016666666666666607e+00,1.644609552727845907e+09,7.694283840989027227e-03,3.525469905650659153e-02,-1.336692276416220349e+00,3.525469905650659153e-02,1.257095045708080394e-01,-2.992545984570095172e-02,-4.778602661827736214e-02
2.033333333333333215e+00,1.644609552744800568e+09,7.308545366281900268e-03,6.730442547151148369e-02,-1.802045166758463379e+00,6.730442547151148369e-02,1.638673421408594622e-01,-3.068336383294120034e-02,-4.317525983749759960e-02
2.049999999999999822e+00,1.644609552760793447e+09,6.933141886953909927e-03,6.730442547151148369e-02,-2.196412022980703593e+00,6.730442547151148369e-02,2.019208860598428190e-01,-3.135980257410313915e-02,-3.801173257081308376e-02
2.066666666666666430e+00,1.644609552777737617e+09,6.576258613589039577e-03,3.525469905650659153e-02,-2.093876640362920760e+00,3.525469905650659153e-02,2.395610789192026135e-01,-3.195012355843475371e-02,-3.284114862021964704e-02
2.083333333333333481e+00,1.644609552795665741e+09,6.246244129706408563e-03,6.730442547151148369e-02,-1.202607545300658831e+00,6.730442547151148369e-02,2.764771919791711441e-01,-3.244545671106478790e-02,-2.661612184341156581e-02
2.100000000000000089e+00,1.644609552813672543e+09,5.951547801757585410e-03,9.935415188651879059e-02,-1.439227659034001849e+00,9.935415188651879059e-02,3.123599415543415470e-01,-3.282851635373910254e-02,-1.937116064338958304e-02
2.116666666666666696e+00,1.644609552829610348e+09,5.700654901692490950e-03,9.935415188651879059e-02,-1.163170859678434255e+00,9.935415188651879059e-02,3.469046533151838863e-01,-3.308705598791046587e-02,-1.167497425585651075e-02
2.133333333333333304e+00,1.644609552846554756e+09,5.502019946510814524e-03,6.730442547151148369e-02,-1.683735109891791204e+00,6.730442547151148369e-02,3.798144406310978161e-01,-3.321827005801952087e-02,-4.091779084037301673e-03
2.149999999999999911e+00,1.644609552863532543e+09,5.363998785311595296e-03,9.935415188651879059e-02,-1.904580549376245324e+00,9.935415188651879059e-02,4.108033622128586249e-01,-3.321543800711673072e-02,4.408014100049532924e-03
2.166666666666666519e+00,1.644609552882459164e+09,5.294779986190470758e-03,1.314038783015236689e-01,-2.227961371478482278e+00,1.314038783015236689e-01,4.395995238229488122e-01,-3.306371266774053158e-02,1.377301212941453926e-02
2.183333333333333126e+00,1.644609552898811102e+09,5.302316092620021522e-03,1.314038783015236689e-01,-2.598666216327388589e+00,1.314038783015236689e-01,4.659480887242798408e-01,-3.275355824914424896e-02,2.341872382791497856e-02
2.200000000000000178e+00,1.644609552916461468e+09,5.394255331456131348e-03,1.314038783015236689e-01,-2.669652250447391406e+00,1.314038783015236689e-01,4.896141618401966822e-01,-3.228070546959155990e-02,3.329617171739095854e-02
2.216666666666666785e+00,1.644609552933415413e+09,5.577874362225394671e-03,1.955033311315334810e-01,-2.243736045727371398e+00,1.955033311315334810e-01,5.103855133057891846e-01,-3.163287043874126597e-02,4.441315076049603960e-02
2.233333333333333393e+00,1.644609552950122118e+09,5.860012659716810207e-03,1.955033311315334810e-01,-1.951904572122914461e+00,1.955033311315334810e-01,5.280751082023277254e-01,-3.079884461085799843e-02,5.563876558817712481e-02
2.250000000000000000e+00,1.644609552968426943e+09,6.247009119003307624e-03,1.634536047165285888e-01,-1.896693212251800542e+00,1.634536047165285888e-01,5.425234107781938819e-01,-2.978170680747790205e-02,6.638791137637573003e-02
2.266666666666666607e+00,1.644609552985719919e+09,6.744641463790195489e-03,1.634536047165285888e-01,-1.738946469762905123e+00,1.634536047165285888e-01,5.536004333615869299e-01,-2.858537128778794109e-02,7.714247649132102702e-02
2.283333333333333215e+00,1.644609553000971317e+09,7.358069025404439904e-03,1.955033311315334810e-01,-1.857256526629577520e+00,1.955033311315334810e-01,5.612075024482749974e-01,-2.720580102569982936e-02,8.837475345556305983e-02
2.299999999999999822e+00,1.644609553017566442e+09,8.091779440835170784e-03,1.955033311315334810e-01,-1.817819841007352943e+00,1.955033311315334810e-01,5.652787170830583241e-01,-2.564001523704312335e-02,9.948866847048289108e-02
2.316666666666666430e+00,1.644609553035759687e+09,8.949539794081142266e-03,2.596027839615456800e-01,-1.738946469762905123e+00,2.596027839615456800e-01,5.657820776230858550e-01,-2.388160961814085950e-02,1.114866772113244919e-01
2.333333333333333481e+00,1.644609553050668716e+09,9.934352695790798701e-03,2.916525103765505444e-01,-1.297255590793995772e+00,2.916525103765505444e-01,5.627202662473577144e-01,-2.192089053255582079e-02,1.237655044028045936e-01
2.350000000000000089e+00,1.644609553069646120e+09,1.104841776196637849e-02,3.237022367915554644e-01,-1.384016299162888153e+00,3.237022367915554644e-01,5.561310641280321487e-01,-1.975370366453146204e-02,1.362622058834400129e-01
2.366666666666666696e+00,1.644609553086590052e+09,1.229309891357312570e-02,3.237022367915554644e-01,-1.305142927918440332e+00,3.237022367915554644e-01,5.460873939703511093e-01,-1.738135172587419383e-02,1.483863477908145267e-01
2.383333333333333304e+00,1.644609553104552507e+09,1.366889787551760910e-02,3.237022367915554644e-01,-1.242044230922881853e+00,3.237022367915554644e-01,5.326969806204389091e-01,-1.481045483853051480e-02,1.600887711936707647e-01
2.399999999999999911e+00,1.644609553120509148e+09,1.517543420595341905e-02,3.237022367915554644e-01,-1.667960435642902084e+00,3.237022367915554644e-01,5.161016265922176993e-01,-1.204842606427778892e-02,1.713234734758142530e-01
2.416666666666666519e+00,1.644609553136668921e+09,1.681143213560177055e-02,3.557519632065603843e-01,-1.944017234998469901e+00,3.557519632065603843e-01,4.964761036320794463e-01,-9.098987957493833573e-03,1.825778364830076272e-01
2.433333333333333126e+00,1.644609553154624224e+09,1.857471444213260048e-02,3.557519632065603843e-01,-1.849369189505131184e+00,3.557519632065603843e-01,4.740266657762194913e-01,-5.966632319715753363e-03,1.932751246616092045e-01
2.450000000000000178e+00,1.644609553171060085e+09,2.046220352708257029e-02,3.237022367915554644e-01,-1.920355223625134666e+00,3.237022367915554644e-01,4.489891937127760690e-01,-2.665350972747224274e-03,2.028520338230462017e-01
2.466666666666666785e+00,1.644609553188758373e+09,2.246992980276170393e-02,3.237022367915554644e-01,-2.220074034354037718e+00,3.237022367915554644e-01,4.216269845900214031e-01,7.904434774629529037e-04,2.118183930625289757e-01
2.483333333333333393e+00,1.644609553206730604e+09,2.459304743461733153e-02,3.237022367915554644e-01,-2.377820776842933359e+00,3.237022367915554644e-01,3.922282056629523561e-01,4.390378236304512752e-03,2.201506323445958646e-01
2.500000000000000000e+00,1.644609553223263025e+09,2.682585742111583127e-02,3.237022367915554644e-01,-2.385708113967379251e+00,3.237022367915554644e-01,3.611030342942076476e-01,8.123733772599986760e-03,2.278306979930631027e-01
2.516666666666666607e+00,1.644609553239775658e+09,2.916183792891973575e-02,3.557519632065603843e-01,-2.046552617616251624e+00,3.557519632065603843e-01,3.285805107720085605e-01,1.198396432556472595e-02,2.353760086730745105e-01
2.533333333333333215e+00,1.644609553256574869e+09,3.159368173653646916e-02,3.237022367915554644e-01,-1.715284458389569888e+00,3.237022367915554644e-01,2.950051341297487140e-01,1.595984372247433516e-02,2.417119187915199863e-01
2.549999999999999822e+00,1.644609553274553299e+09,3.411334057529457481e-02,3.557519632065603843e-01,-2.172750011607368581e+00,3.557519632065603843e-01,2.607332346026201564e-01,2.004013957463198978e-02,2.479063762361820022e-01
2.566666666666666430e+00,1.644609553290505648e+09,3.671207609302104546e-02,3.237022367915554644e-01,-2.046552617616251624e+00,3.237022367915554644e-01,2.261291594920690207e-01,2.421361454632253024e-02,2.528967578692185580e-01
2.583333333333333481e+00,1.644609553307950020e+09,3.938051710376162806e-02,3.557519632065603843e-01,-1.652185761394011188e+00,3.557519632065603843e-01,1.915613119877364046e-01,2.846922546708780671e-02,2.577630348683582207e-01
2.600000000000000089e+00,1.644609553325957060e+09,4.210872272687235518e-02,3.237022367915554644e-01,-1.849369189505131184e+00,3.237022367915554644e-01,1.573980848805886790e-01,3.279612350571932400e-02,2.614544755242624308e-01
2.616666666666666696e+00,1.644609553344080925e+09,4.488625096139374493e-02,3.557519632065603843e-01,-1.928242560749580559e+00,3.557519632065603843e-01,1.240037330561891832e-01,3.718384997132478248e-02,2.650626773297027894e-01
2.633333333333333304e+00,1.644609553358265638e+09,4.770223218735994419e-02,3.237022367915554644e-01,-1.896693212251800542e+00,3.237022367915554644e-01,9.173423015333520558e-02,4.162233096300699958e-02,2.675481374537687640e-01
2.649999999999999911e+00,1.644609553374280214e+09,5.054544703512409143e-02,3.557519632065603843e-01,-1.888805875127355760e+00,3.557519632065603843e-01,6.093315578532874227e-02,4.610206546154158036e-02,2.700131549384323093e-01
2.666666666666666519e+00,1.644609553394172192e+09,5.340440801743040478e-02,3.557519632065603843e-01,-2.456694148087382068e+00,3.557519632065603843e-01,3.192766022857902730e-02,5.061853686185639745e-02,2.719580105953698368e-01
2.683333333333333126e+00,1.644609553409131289e+09,5.626744427729130776e-02,3.557519632065603843e-01,-2.141200663109589897e+00,3.557519632065603843e-01,5.024553471168107313e-03,5.516343802815720093e-02,2.734260513736978537e-01
2.700000000000000178e+00,1.644609553427083492e+09,5.912278876820981771e-02,3.557519632065603843e-01,-2.283172731349596418e+00,3.557519632065603843e-01,-1.949343502702247100e-02,5.972921733743351280e-02,2.744645808674138210e-01
2.716666666666666785e+00,1.644609553444038153e+09,6.195866715230834848e-02,3.237022367915554644e-01,-2.235848708602926838e+00,3.237022367915554644e-01,-4.137118058453323477e-02,6.430471354005612428e-02,2.745946022682415610e-01
2.733333333333333393e+00,1.644609553461990118e+09,6.476338767686980191e-02,3.237022367915554644e-01,-2.511905507958494432e+00,3.237022367915554644e-01,-6.038442788444043502e-02,6.887973268820098138e-02,2.744082132685486397e-01
2.750000000000000000e+00,1.644609553478945017e+09,6.752543127097043740e-02,3.237022367915554644e-01,-2.062327291865142076e+00,3.237022367915554644e-01,-7.634275434729138887e-02,7.344946692514546516e-02,2.739611370723418760e-01
2.766666666666666607e+00,1.644609553496929407e+09,7.023354109155072189e-02,3.237022367915554644e-01,-2.291060068474040978e+00,3.237022367915554644e-01,-8.909219337445309361e-02,7.801005068366044515e-02,2.733107207041119424e-01
2.783333333333333215e+00,1.644609553512886047e+09,7.287681074265475734e-02,3.557519632065603843e-01,-1.715284458389569888e+00,3.557519632065603843e-01,-9.851748166511192784e-02,8.256300890388758307e-02,2.730450038429089177e-01
2.799999999999999822e+00,1.644609553532847643e+09,7.544477039280131359e-02,3.237022367915554644e-01,-1.589087064398452931e+00,3.237022367915554644e-01,-1.045438983904973945e-01,8.710631611481733927e-02,2.721543356053301443e-01
2.816666666666666430e+00,1.644609553546763897e+09,7.792747002364774911e-02,3.557519632065603843e-01,-2.235848708602926838e+00,3.557519632065603843e-01,-1.071386680180757139e-01,9.163897020799083304e-02,2.717652364319647074e-01
2.833333333333333481e+00,1.644609553563744307e+09,8.031555905828337283e-02,3.557519632065603843e-01,-2.551342193580719453e+00,3.557519632065603843e-01,-1.063119029792779224e-01,9.616530725071323338e-02,2.713962337263636782e-01
2.850000000000000089e+00,1.644609553581717491e+09,8.260036163962154732e-02,3.557519632065603843e-01,-2.275285394225151414e+00,3.557519632065603843e-01,-1.021170671243974704e-01,1.006861246080014843e-01,2.711026646371114679e-01
2.866666666666666696e+00,1.644609553598936319e+09,8.477394685835056010e-02,3.237022367915554644e-01,-1.865143863754022080e+00,3.237022367915554644e-01,-9.465094596076761846e-02,1.051986941952207932e-01,2.704076165637386286e-01
2.883333333333333304e+00,1.644609553616206408e+09,8.682919326559783435e-02,3.237022367915554644e-01,-1.494439018905115768e+00,3.237022367915554644e-01,-8.405311497390847986e-02,1.097012394259744977e-01,2.698992233632790394e-01
2.899999999999999911e+00,1.644609553633279324e+09,8.875984704762999999e-02,3.237022367915554644e-01,-2.575004204954053133e+00,3.237022367915554644e-01,-7.050490283120607049e-02,1.141972529420643839e-01,2.696231654131949762e-01
2.916666666666666519e+00,1.644609553649664164e+09,9.056057328828989728e-02,3.237022367915554644e-01,-2.188524685856259033e+00,3.237022367915554644e-01,-5.422785190580599324e-02,1.186909518159769417e-01,2.696207062873782201e-01
2.933333333333333126e+00,1.644609553665959597e+09,9.222699979907907075e-02,3.237022367915554644e-01,-1.975566583496248363e+00,3.237022367915554644e-01,-3.548168427399725489e-02,1.231871992741420119e-01,2.699281347045057733e-01
2.950000000000000178e+00,1.644609553683888912e+09,9.375575305649054558e-02,3.557519632065603843e-01,-2.070214628989586636e+00,3.557519632065603843e-01,-1.456178707013877464e-02,1.276958442679373973e-01,2.711059926463174063e-01
2.966666666666666785e+00,1.644609553699664831e+09,9.514448585084614440e-02,3.237022367915554644e-01,-1.944017234998469901e+00,3.237022367915554644e-01,8.203763235025779421e-03,1.322226752060661759e-01,2.721109283752983221e-01
2.983333333333333393e+00,1.644609553717592716e+09,9.639189632006296693e-02,3.237022367915554644e-01,-2.133313325985145337e+00,3.237022367915554644e-01,3.245761249801787374e-02,1.367694662245491632e-01,2.735001348449749292e-01
3.000000000000000000e+00,1.644609553735718489e+09,9.749773811485834552e-02,3.237022367915554644e-01,-1.541763041651785127e+00,3.237022367915554644e-01,5.781694598241498423e-02,1.413427214500971030e-01,2.752855326656598600e-01
3.016666666666666607e+00,1.644609553751859188e+09,9.846282151830719476e-02,3.237022367915554644e-01,-1.194720208176212717e+00,3.237022367915554644e-01,8.387767517855905519e-02,1.459490862268720546e-01,2.774721664217201789e-01
3.033333333333333215e+00,1.644609553770754576e+09,9.928900542179167066e-02,3.237022367915554644e-01,-1.596974401522898823e+00,3.237022367915554644e-01,1.102189538392623069e-01,1.505952311511880304e-01,2.800580413412511738e-01
3.049999999999999822e+00,1.644609553786930084e+09,9.997918014047628421e-02,3.237022367915554644e-01,-1.699509784140680546e+00,3.237022367915554644e-01,1.364079782221681858e-01,1.552877340696107167e-01,2.830340420063905404e-01
3.066666666666666430e+00,1.644609553804395199e+09,1.005372411338978367e-01,2.916525103765505444e-01,-1.951904572122914461e+00,2.916525103765505444e-01,1.620050224627889168e-01,1.600285347047405993e-01,2.858542002519163239e-01
3.083333333333333481e+00,1.644609553819779158e+09,1.009680537802685879e-01,2.596027839615456800e-01,-1.533875704527340345e+00,2.596027839615456800e-01,1.865686564072729370e-01,1.648149144728044968e-01,2.885040111566660737e-01
3.100000000000000089e+00,1.644609553836735725e+09,1.012774094359644994e-01,2.596027839615456800e-01,-1.131621511180654238e+00,2.596027839615456800e-01,2.096610901592592668e-01,1.696482813012155089e-01,2.914917088969351533e-01
3.116666666666666696e+00,1.644609553854326010e+09,1.014719730936435999e-01,1.955033311315334810e-01,-1.612749075771788165e+00,1.955033311315334810e-01,2.308535870844192484e-01,1.745251040995027536e-01,2.937208347355804716e-01
3.133333333333333304e+00,1.644609553871510744e+09,1.015592230327497514e-01,1.314038783015236689e-01,-1.683735109891791204e+00,1.314038783015236689e-01,2.497318851074702695e-01,1.794325251386616749e-01,2.951656764199047656e-01
3.149999999999999911e+00,1.644609553890477896e+09,1.015473829340650530e-01,9.935415188651879059e-02,-2.015003269118472939e+00,9.935415188651879059e-02,2.659015648619271199e-01,1.843616339503365009e-01,2.963241628873706790e-01
3.166666666666666519e+00,1.644609553904555321e+09,1.014453470047498168e-01,6.730442547151148369e-02,-1.849369189505131184e+00,6.730442547151148369e-02,2.789933026380931325e-01,1.893072723722232231e-01,2.971501532673107016e-01
3.183333333333333126e+00,1.644609553923483610e+09,1.012625987311929904e-01,3.204972641501691987e-03,-2.251623382851817290e+00,3.204972641501691987e-03,2.886679461387970935e-01,1.942590460324178647e-01,2.970629282534543725e-01
3.200000000000000178e+00,1.644609553940441608e+09,1.010091239433490162e-01,-6.089448018850930622e-02,-2.078101966114031640e+00,-6.089448018850930622e-02,2.946213518065470827e-01,1.992013468288967581e-01,2.960160753172761394e-01
3.216666666666666785e+00,1.644609553956393719e+09,1.006953189353231859e-01,-1.570436594335263836e-01,-2.259510719976262294e+00,-1.570436594335263836e-01,2.965889239346039541e-01,2.041133362577203236e-01,2.934298402968038566e-01
3.233333333333333393e+00,1.644609553971365690e+09,1.003318944422292719e-01,-1.890933858485313035e-01,-2.227961371478482278e+00,-1.890933858485313035e-01,2.943497979143024912e-01,2.089778429881999910e-01,2.903196071007537182e-01
3.250000000000000000e+00,1.644609553990329266e+09,9.992977632211409722e-02,-2.531928386785423091e-01,-2.488243496585160752e+00,-2.531928386785423091e-01,2.877306127909018962e-01,2.137811743921457508e-01,2.860919052653472794e-01
3.266666666666666607e+00,1.644609554008792162e+09,9.950000383356835676e-02,-2.531928386785423091e-01,-2.133313325985145337e+00,-2.531928386785423091e-01,2.766088217813976735e-01,2.185130918837980829e-01,2.817502541587425524e-01
3.283333333333333215e+00,1.644609554025723219e+09,9.905362643396427302e-02,-3.172922915085532591e-01,-1.778383155385128145e+00,-3.172922915085532591e-01,2.609154935238838791e-01,2.231622271759527432e-01,2.761615055668433794e-01
3.299999999999999822e+00,1.644609554041529894e+09,9.860160004970376646e-02,-2.852425650935483947e-01,-1.833594515256242286e+00,-2.852425650935483947e-01,2.406375615451874228e-01,2.277206145051078878e-01,2.708597015118822116e-01
3.316666666666666430e+00,1.644609554060509205e+09,9.815468378805157490e-02,-2.852425650935483947e-01,-1.628523750020677507e+00,-2.852425650935483947e-01,2.158194847107540448e-01,2.321879428360126563e-01,2.652353218412641933e-01
3.333333333333333481e+00,1.644609554075872183e+09,9.772333806975985748e-02,-3.172922915085532591e-01,-1.896693212251800542e+00,-3.172922915085532591e-01,1.865642872101807848e-01,2.365538408811863613e-01,2.586906237244509521e-01
3.350000000000000089e+00,1.644609554094849586e+09,9.731762516258064821e-02,-3.493420179235594003e-01,-1.391903636287332935e+00,-3.493420179235594003e-01,1.530339528789867176e-01,2.408025066306698492e-01,2.511701568908912274e-01
3.366666666666666696e+00,1.644609554112952709e+09,9.694711308772643865e-02,-3.813917443385642647e-01,-1.462889670407337528e+00,-3.813917443385642647e-01,1.154491553020522837e-01,2.449172520416928456e-01,2.426230349959263566e-01
3.383333333333333304e+00,1.644609554129144192e+09,9.662078385435400596e-02,-3.813917443385642647e-01,-1.171058196802878815e+00,-3.813917443385642647e-01,7.408831212068173189e-02,2.488850131735759197e-01,2.335335499937452597e-01
3.399999999999999911e+00,1.644609554147401094e+09,9.634694695118196928e-02,-3.813917443385642647e-01,-1.131621511180654238e+00,-3.813917443385642647e-01,2.928595920324895616e-02,2.526963502096198355e-01,2.238537832054461052e-01
3.416666666666666519e+00,1.644609554163333893e+09,9.613315898954552519e-02,-4.134414707535703504e-01,-6.189445980917431811e-01,-4.134414707535703504e-01,-1.856955223590530182e-02,2.563366582220880097e-01,2.130132914764867047e-01
3.433333333333333126e+00,1.644609554180485487e+09,9.598615034868866747e-02,-4.134414707535703504e-01,0.000000000000000000e+00,-4.134414707535703504e-01,-6.903902495087560487e-02,2.597908177977793498e-01,2.015177903057212838e-01
3.449999999999999734e+00,1.644609554198593616e+09,9.591175962215979511e-02,-5.095906499985862759e-01,-6.189445980917431811e-01,-5.095906499985862759e-01,-1.216360332312930170e-01,2.630344285540077709e-01,1.877537348289948504e-01
3.466666666666666785e+00,1.644609554215039015e+09,9.591487660414847738e-02,-5.736901028285972259e-01,-9.659874315673141476e-01,-5.736901028285972259e-01,-1.758311630328090458e-01,2.660342005770557905e-01,1.722619417082567606e-01
3.483333333333333393e+00,1.644609554231994867e+09,9.599939448689277788e-02,-6.377895556586082870e-01,-9.344380830695340201e-01,-6.377895556586082870e-01,-2.310568416094007649e-01,2.687614345355975876e-01,1.550539344619147886e-01
3.500000000000000000e+00,1.644609554251471281e+09,9.616817186536899542e-02,-7.018890084886192371e-01,-1.478664344656226426e+00,-7.018890084886192371e-01,-2.867127164331614853e-01,2.711877044863041930e-01,1.361509690958451757e-01
3.516666666666666607e+00,1.644609554267741919e+09,9.642300506394425874e-02,-7.339387349036241570e-01,-1.510213693154005110e+00,-7.339387349036241570e-01,-3.421715363355747330e-01,2.732894491771697409e-01,1.161140532176596213e-01
3.533333333333333215e+00,1.644609554286840200e+09,9.676461121210142013e-02,-7.980381877336351071e-01,-1.510213693154005110e+00,-7.980381877336351071e-01,-3.967854813337456377e-01,2.750436160251418793e-01,9.444615855189777975e-02
3.549999999999999822e+00,1.644609554303189039e+09,9.719262240348147674e-02,-8.300879141486412482e-01,-1.533875704527340345e+00,-8.300879141486412482e-01,-4.498928815932904390e-01,2.764278821309469891e-01,7.172887918372715388e-02
3.566666666666666430e+00,1.644609554319530249e+09,9.770559117503699320e-02,-8.621376405636461682e-01,-1.636411087145122289e+00,-8.621376405636461682e-01,-5.008252604995125923e-01,2.774252031061181789e-01,4.801550985750329542e-02
3.583333333333333481e+00,1.644609554337843418e+09,9.830100744186549833e-02,-9.262370933936571182e-01,-2.030777943367362059e+00,-9.262370933936571182e-01,-5.489146319297244503e-01,2.780150809852034999e-01,2.283976988969496982e-02
3.600000000000000089e+00,1.644609554354202986e+09,9.897532691916215153e-02,-9.903365462236681793e-01,-2.172750011607368581e+00,-9.903365462236681793e-01,-5.935009776054948061e-01,2.781738287472042548e-01,-3.716269936125195933e-03
3.616666666666666696e+00,1.644609554369571209e+09,9.972401095652513869e-02,-9.903365462236681793e-01,-2.078101966114031640e+00,-9.903365462236681793e-01,-6.339398269119382867e-01,2.778880583448687935e-01,-3.050177241938316353e-02
3.633333333333333304e+00,1.644609554387543917e+09,1.005415776025625624e-01,-1.054435999053679129e+00,-2.890497689931845748e+00,-1.054435999053679129e+00,-6.696098588526372408e-01,2.771457823170952461e-01,-5.849359402338154962e-02
3.649999999999999911e+00,1.644609554405496836e+09,1.014216636102451136e-01,-1.086485725468685271e+00,-2.433032136714047056e+00,-1.086485725468685271e+00,-6.999204439065548344e-01,2.759322289362859948e-01,-8.705347679882632916e-02
3.666666666666666519e+00,1.644609554422809124e+09,1.023570969867470537e-01,-1.150585178298696221e+00,-3.426836614394092262e+00,-1.150585178298696221e+00,-7.243190425027609125e-01,2.742343988194578808e-01,-1.166040503620225099e-01
3.683333333333333126e+00,1.644609554440074444e+09,1.033399795865409670e-01,-1.150585178298696221e+00,-2.882610352807401188e+00,-1.150585178298696221e+00,-7.422983766562273322e-01,2.720456573686041435e-01,-1.459633681604175226e-01
3.699999999999999734e+00,1.644609554455750465e+09,1.043617791442585235e-01,-1.214684631128707171e+00,-2.756412958816283787e+00,-1.214684631128707171e+00,-7.534032920310733683e-01,2.693612618132063541e-01,-1.760804379910160811e-01
3.716666666666666785e+00,1.644609554472974539e+09,1.054134300452225642e-01,-1.214684631128707171e+00,-2.653877576198502286e+00,-1.214684631128707171e+00,-7.572372293246378838e-01,2.661785453333457840e-01,-2.057630858520445860e-01
3.733333333333333393e+00,1.644609554489115477e+09,1.064854420375642569e-01,-1.214684631128707171e+00,-2.890497689931845748e+00,-1.214684631128707171e+00,-7.534682263951374415e-01,2.625057384144999784e-01,-2.348928265585962238e-01
3.750000000000000000e+00,1.644609554508016825e+09,1.075680160013563758e-01,-1.214684631128707171e+00,-2.740638284567394667e+00,-1.214684631128707171e+00,-7.418343759763982304e-01,2.583530661047577781e-01,-2.633488043672724266e-01
3.766666666666666607e+00,1.644609554528014660e+09,1.086511658081063675e-01,-1.214684631128707171e+00,-2.314722079847374658e+00,-1.214684631128707171e+00,-7.221486681142834652e-01,2.537327768518504723e-01,-2.910090701017482573e-01
3.783333333333333215e+00,1.644609554542243481e+09,1.097248452290881388e-01,-1.214684631128707171e+00,-2.330496754096265111e+00,-1.214684631128707171e+00,-6.943031515904058981e-01,2.486591496563765324e-01,-3.177519059515928612e-01
3.799999999999999822e+00,1.644609554562208891e+09,1.107790787841615027e-01,-1.246734357543712202e+00,-2.354158765469599235e+00,-1.246734357543712202e+00,-6.582723545293931444e-01,2.431440521313673886e-01,-3.439869202944688120e-01
3.816666666666666430e+00,1.644609554576364040e+09,1.118040953645940971e-01,-1.214684631128707171e+00,-1.920355223625134666e+00,-1.214684631128707171e+00,-6.141159110671190469e-01,2.372058535947899893e-01,-3.685287307944885016e-01
3.833333333333333481e+00,1.644609554591343641e+09,1.127904634147258167e-01,-1.278784083958718121e+00,-1.849369189505131184e+00,-1.278784083958718121e+00,-5.619803483306361480e-01,2.308603621518548477e-01,-3.928626465563759274e-01
3.850000000000000089e+00,1.644609554612263441e+09,1.137292264185828378e-01,-1.278784083958718121e+00,-8.082406890784186171e-01,-1.278784083958718121e+00,-5.020999959795402479e-01,2.241209371629538372e-01,-4.158046228997792082e-01
3.866666666666666696e+00,1.644609554629191399e+09,1.146120374093294036e-01,-1.246734357543712202e+00,-9.028887345717556689e-01,-1.246734357543712202e+00,-4.347969891088647731e-01,2.170160373079782767e-01,-4.367252454890132585e-01
3.883333333333333304e+00,1.644609554645549297e+09,1.154312912021711324e-01,-1.278784083958718121e+00,-1.257818905171771195e+00,-1.278784083958718121e+00,-3.604803443338747693e-01,2.095711879045334680e-01,-4.566014698904450331e-01
3.899999999999999911e+00,1.644609554663531303e+09,1.161802530452753501e-01,-1.278784083958718121e+00,-1.313030265042885114e+00,-1.278784083958718121e+00,-2.796440982795669883e-01,2.018089785510701062e-01,-4.748130635742864314e-01
3.916666666666666519e+00,1.644609554679461002e+09,1.168531823887657972e-01,-1.278784083958718121e+00,-1.289368253669551212e+00,-1.278784083958718121e+00,-1.928645073888675121e-01,1.937577440710104015e-01,-4.912893056166864891e-01
3.933333333333333126e+00,1.644609554697460413e+09,1.174454504889663187e-01,-1.278784083958718121e+00,-1.029086128562872515e+00,-1.278784083958718121e+00,-1.007963178457941811e-01,1.854468977679618324e-01,-5.059714660103797890e-01
3.949999999999999734e+00,1.644609554713943958e+09,1.179536505938987428e-01,-1.246734357543712202e+00,-6.820432950873015487e-01,-1.246734357543712202e+00,-4.168124381513541726e-03,1.769111497575048819e-01,-5.182840926986765906e-01
3.966666666666666785e+00,1.644609554730900764e+09,1.183756994965096260e-01,-1.246734357543712202e+00,-8.082406890784186171e-01,-1.246734357543712202e+00,9.622315331182086651e-02,1.681857580217521742e-01,-5.287338877001220849e-01
3.983333333333333393e+00,1.644609554749822617e+09,1.187109292940505823e-01,-1.246734357543712202e+00,-1.557537715900674247e+00,-1.246734357543712202e+00,1.995186379976788271e-01,1.593019135907614292e-01,-5.373036385948986027e-01
4.000000000000000000e+00,1.644609554768771410e+09,1.189601682552259981e-01,-1.278784083958718121e+00,-1.549650378776229909e+00,-1.278784083958718121e+00,3.048046579701045311e-01,1.502865390698696624e-01,-5.445212545071503873e-01
4.016666666666666607e+00,1.644609554784860373e+09,1.191258097707573599e-01,-1.246734357543712202e+00,-1.478664344656226426e+00,-1.246734357543712202e+00,4.111206483360457242e-01,1.411709789929938286e-01,-5.493325895837356532e-01
4.033333333333333215e+00,1.644609554802012682e+09,1.192118684474667151e-01,-1.182634904713701030e+00,-1.644298424269566627e+00,-1.182634904713701030e+00,5.174677242105706343e-01,1.319994367017690018e-01,-5.512471669675630404e-01
4.049999999999999822e+00,1.644609554816291332e+09,1.192240225002692278e-01,-1.118535451883690079e+00,-1.865143863754022080e+00,-1.118535451883690079e+00,6.228178512225338581e-01,1.228196536903821828e-01,-5.503293439671954612e-01
4.066666666666666430e+00,1.644609554834775686e+09,1.191696416999363101e-01,-9.582868198086632594e-01,-1.628523750020677507e+00,-9.582868198086632594e-01,7.261235310527293096e-01,1.136914432118970725e-01,-5.450705216346425352e-01
4.083333333333333037e+00,1.644609554849728107e+09,1.190578002464189739e-01,-8.941873669786521983e-01,-1.557537715900674247e+00,-8.941873669786521983e-01,8.263279127745634112e-01,1.046728471487344547e-01,-5.371829164748813668e-01
4.099999999999999645e+00,1.644609554866052389e+09,1.188992740570461309e-01,-7.980381877336351071e-01,-1.778383155385128145e+00,-7.980381877336351071e-01,9.223752346239341149e-01,9.581116800823917534e-02,-5.262489532195477882e-01
4.116666666666666252e+00,1.644609554885977983e+09,1.187065220851605679e-01,-6.698392820736143172e-01,-2.141200663109589897e+00,-6.698392820736143172e-01,1.013221495568402686e+00,8.716046601191419774e-02,-5.118752143316429581e-01
4.133333333333332860e+00,1.644609554902265549e+09,1.184936514167220789e-01,-5.736901028285972259e-01,-2.827398992936287048e+00,-5.736901028285972259e-01,1.097845251745871442e+00,7.877230947044139286e-02,-4.947511386415489043e-01
4.150000000000000355e+00,1.644609554920518398e+09,1.182763660290486601e-01,-4.134414707535703504e-01,-2.527680182207385329e+00,-4.134414707535703504e-01,1.175258429559895346e+00,7.070001497235969823e-02,-4.739818948300284496e-01
4.166666666666666963e+00,1.644609554938474655e+09,1.180718992361130537e-01,-3.172922915085532591e-01,-2.630215564825166830e+00,-3.172922915085532591e-01,1.244517045004828404e+00,6.299385208662114377e-02,-4.508219860526853084e-01
4.183333333333333570e+00,1.644609554955562830e+09,1.178989299874461938e-01,-2.531928386785423091e-01,-2.227961371478482278e+00,-2.531928386785423091e-01,1.304731717688544901e+00,5.568765915139364114e-02,-4.259901451339577760e-01
4.200000000000000178e+00,1.644609554972698212e+09,1.177774833316323766e-01,-2.211431122635373892e-01,-2.433032136714047056e+00,-2.211431122635373892e-01,1.355077868054145984e+00,4.880328100483430354e-02,-4.002068543908883225e-01
4.216666666666666785e+00,1.644609554990648985e+09,1.177288154992725960e-01,-1.570436594335263836e-01,-2.330496754096265111e+00,-1.570436594335263836e-01,1.394805487492158713e+00,4.235940381670527666e-02,-3.731336134017820827e-01
4.233333333333333393e+00,1.644609555004384041e+09,1.177752842030360542e-01,-1.249939330185202979e-01,-2.456694148087382068e+00,-1.249939330185202979e-01,1.423248373388249499e+00,3.637136321197032007e-02,-3.455079987908849515e-01
4.250000000000000000e+00,1.644609555024049759e+09,1.179402048926587038e-01,-6.089448018850930622e-02,-3.332188568900754877e+00,-6.089448018850930622e-02,1.439832724661952446e+00,3.085107794102424222e-02,-3.170054094453814697e-01
4.266666666666666607e+00,1.644609555039009571e+09,1.182476938393007132e-01,-9.294420660351540575e-02,-2.582891542078499025e+00,-9.294420660351540575e-02,1.444084998001617048e+00,2.579805963588528706e-02,-2.894333779502741288e-01
4.283333333333333215e+00,1.644609555055180788e+09,1.187224990553163162e-01,-6.089448018850930622e-02,-2.756412958816283787e+00,-6.089448018850930622e-02,1.435638930759532972e+00,2.120402707543287552e-02,-2.619269378803046333e-01
4.299999999999999822e+00,1.644609555074454308e+09,1.193898201809426296e-01,-6.089448018850930622e-02,-2.433032136714047056e+00,-6.089448018850930622e-02,1.414241643296410889e+00,1.706168057556486928e-02,-2.352288053286382685e-01
4.316666666666666430e+00,1.644609555090446472e+09,1.202751185876140688e-01,-6.089448018850930622e-02,-2.488243496585160752e+00,-6.089448018850930622e-02,1.379758741402209887e+00,1.335585259655273221e-02,-2.095419063293977868e-01
4.333333333333333037e+00,1.644609555107818127e+09,1.214039190573081295e-01,-6.089448018850930622e-02,-2.133313325985145337e+00,-6.089448018850930622e-02,1.332178348205362628e+00,1.006801988590487820e-02,-1.850660091518023798e-01
4.349999999999999645e+00,1.644609555125633955e+09,1.228016044975590165e-01,-2.884475377350440711e-02,-2.180637348731813141e+00,-2.884475377350440711e-02,1.271614004637968920e+00,7.180799718603615711e-03,-1.614659681367600352e-01
4.366666666666666252e+00,1.644609555140563726e+09,1.244932052414408213e-01,-2.884475377350440711e-02,-1.904580549376245324e+00,-2.884475377350440711e-02,1.198306387964739539e+00,4.673528634185692386e-03,-1.394676698158215378e-01
4.383333333333332860e+00,1.644609555159488440e+09,1.265031845600568805e-01,-2.884475377350440711e-02,-1.691622447016235764e+00,-2.884475377350440711e-02,1.112623809011530573e+00,2.518022918617982431e-03,-1.192491798462867181e-01
4.400000000000000355e+00,1.644609555175040007e+09,1.288552220809635052e-01,-2.884475377350440711e-02,-1.644298424269566627e+00,-2.884475377350440711e-02,1.015061460441554431e+00,6.832240876875300510e-04,-1.009774359042221042e-01
4.416666666666666963e+00,1.644609555193969250e+09,1.315719968588022759e-01,-2.884475377350440711e-02,-1.462889670407337528e+00,-2.884475377350440711e-02,9.062394006108476230e-01,-8.645999371350875963e-04,-8.480636776544377142e-02
4.433333333333333570e+00,1.644609555210944176e+09,1.346749718835014153e-01,3.204972641501691987e-03,-1.652185761394011188e+00,3.204972641501691987e-03,7.868992700714763089e-01,-2.157196309818012504e-03,-7.034536734754454068e-02
4.450000000000000178e+00,1.644609555226879120e+09,1.381841818362189167e-01,3.525469905650659153e-02,-9.028887345717556689e-01,3.525469905650659153e-02,6.578997505562343973e-01,-3.224164123260785109e-03,-5.772582537388942087e-02
4.466666666666666785e+00,1.644609555245834112e+09,1.421180259132763246e-01,9.935415188651879059e-02,-8.476773747006416393e-01,9.935415188651879059e-02,5.202107891453169319e-01,-4.092713474221068223e-03,-4.653119367239854504e-02
4.483333333333333393e+00,1.644609555261874676e+09,1.464930675333565580e-01,1.955033311315334810e-01,-1.391903636287332935e+00,1.955033311315334810e-01,3.749066231510983505e-01,-4.783021149569634603e-03,-3.633405342567277985e-02
4.500000000000000000e+00,1.644609555279856205e+09,1.513238427230065020e-01,2.275530575465407879e-01,-6.426066094650770832e-01,2.275530575465407879e-01,2.231576539305608342e-01,-5.321317840714502242e-03,-2.828391154324288656e-02
4.516666666666666607e+00,1.644609555297801971e+09,1.566226789399232100e-01,2.916525103765505444e-01,-5.873952495939631646e-01,2.916525103765505444e-01,6.622123021193228321e-02,-5.739380078841238748e-03,-2.190128696197476965e-02
4.533333333333333215e+00,1.644609555312730074e+09,1.623995260426657483e-01,2.916525103765505444e-01,-7.688040034561940406e-01,2.916525103765505444e-01,-9.456858652754357442e-02,-6.074155181622960080e-03,-1.828177979504293227e-02
4.549999999999999822e+00,1.644609555329663277e+09,1.686618010495084252e-01,2.596027839615456800e-01,-5.952825867184078357e-01,2.596027839615456800e-01,-2.578121907023153137e-01,-6.376079105358549784e-03,-1.795001265032017054e-02
4.566666666666666430e+00,1.644609555346639395e+09,1.754142482484256638e-01,2.596027839615456800e-01,-8.161280262028632881e-01,2.596027839615456800e-01,-4.220564406349524567e-01,-6.695204898279510410e-03,-2.033844780195599028e-02
4.583333333333333037e+00,1.644609555364591599e+09,1.826588161251603559e-01,2.916525103765505444e-01,-6.583812837139663143e-01,2.916525103765505444e-01,-5.858074013943049829e-01,-7.071998692075593361e-03,-2.486423552512247864e-02
4.599999999999999645e+00,1.644609555382545710e+09,1.903945524674983680e-01,2.916525103765505444e-01,0.000000000000000000e+00,2.916525103765505444e-01,-7.475437089042307193e-01,-7.545936276694253063e-03,-3.198848458263182232e-02
4.616666666666666252e+00,1.644609555398298025e+09,1.986175188819636339e-01,2.916525103765505444e-01,0.000000000000000000e+00,2.916525103765505444e-01,-9.057304337943531403e-01,-8.159476170142558604e-03,-4.160957674614688961e-02
4.633333333333332860e+00,1.644609555412991524e+09,2.073207258249851748e-01,2.916525103765505444e-01,0.000000000000000000e+00,2.916525103765505444e-01,-1.058833316601558439e+00,-8.953185376166435464e-03,-5.360221431053981134e-02
4.650000000000000355e+00,1.644609555433967352e+09,2.164940891050749217e-01,2.596027839615456800e-01,0.000000000000000000e+00,2.596027839615456800e-01,-1.205333240270365813e+00,-9.969776812606528579e-03,-6.834779714591338040e-02
4.666666666666666963e+00,1.644609555449927330e+09,2.261244086567253675e-01,2.916525103765505444e-01,-6.268319352161877411e-01,2.916525103765505444e-01,-1.343740801515016736e+00,-1.124478149292683707e-02,-8.460759731790083726e-02
4.683333333333333570e+00,1.644609555466897726e+09,2.361953702217707562e-01,2.916525103765505444e-01,0.000000000000000000e+00,2.916525103765505444e-01,-1.472610839559349794e+00,-1.280633662502446424e-02,-1.027286810055165200e-01
4.700000000000000178e+00,1.644609555483009815e+09,2.466875704009861558e-01,2.916525103765505444e-01,-6.268319352161877411e-01,2.916525103765505444e-01,-1.590556779111868657e+00,-1.468369767748414073e-02,-1.224997244319788042e-01
4.716666666666666785e+00,1.644609555501507998e+09,2.575785653591733393e-01,2.916525103765505444e-01,0.000000000000000000e+00,2.916525103765505444e-01,-1.696264644197786664e+00,-1.690244575707245539e-02,-1.436911785827444388e-01
4.733333333333333393e+00,1.644609555516522408e+09,2.688429432821383691e-01,2.916525103765505444e-01,0.000000000000000000e+00,2.916525103765505444e-01,-1.788506600680323411e+00,-1.948419827000774998e-02,-1.660569942415386913e-01
4.750000000000000000e+00,1.644609555533243656e+09,2.804524204953735556e-01,2.916525103765505444e-01,-8.003533519539725027e-01,2.916525103765505444e-01,-1.866153887965681379e+00,-2.244634988170120596e-02,-1.893365322563307362e-01
4.766666666666666607e+00,1.644609555551224709e+09,2.923759609633491685e-01,2.596027839615456800e-01,-1.399790973411778827e+00,2.596027839615456800e-01,-1.928189004493175984e+00,-2.580627345768761807e-02,-2.137863790225381644e-01
4.783333333333333215e+00,1.644609555570197344e+09,3.045799186966404726e-01,2.916525103765505444e-01,-1.044860802811761857e+00,2.916525103765505444e-01,-1.973717017140721230e+00,-2.957217908236208642e-02,-2.380548818439331971e-01
4.799999999999999822e+00,1.644609555586129427e+09,3.170282024032789470e-01,2.596027839615456800e-01,-1.265706242296217310e+00,2.596027839615456800e-01,-2.001975871588547395e+00,-3.374753762762184445e-02,-2.629190747591234611e-01
4.816666666666666430e+00,1.644609555603108168e+09,3.296824615322356822e-01,2.916525103765505444e-01,-1.470777007531781866e+00,2.916525103765505444e-01,-2.012345588928425855e+00,-3.833087067973165590e-02,-2.870139596828782391e-01
4.833333333333333037e+00,1.644609555620063305e+09,3.425022926724530237e-01,2.916525103765505444e-01,-2.133313325985145337e+00,2.916525103765505444e-01,-2.004356243314930897e+00,-4.331135365730647002e-02,-3.105785389209431147e-01
4.849999999999999645e+00,1.644609555639011860e+09,3.554454650919174896e-01,2.596027839615456800e-01,-1.707397121265125328e+00,2.596027839615456800e-01,-1.977694626148740031e+00,-4.868206907907791925e-02,-3.338426875356249046e-01
4.866666666666666252e+00,1.644609555654850483e+09,3.684681640293788196e-01,2.916525103765505444e-01,-2.314722079847374658e+00,2.916525103765505444e-01,-1.932209514065954759e+00,-5.442659790469829562e-02,-3.554407754381612716e-01
4.883333333333332860e+00,1.644609555673796892e+09,3.815252501881093439e-01,2.596027839615456800e-01,-2.283172731349596418e+00,2.596027839615456800e-01,-1.867915470775785902e+00,-6.052365812221390667e-02,-3.761489266675496768e-01
4.900000000000000355e+00,1.644609555690725088e+09,3.945705337278754832e-01,2.596027839615456800e-01,-2.227961371478482278e+00,2.596027839615456800e-01,-1.784995126424029355e+00,-6.695154097403535620e-02,-3.951442495234362973e-01
4.916666666666666963e+00,1.644609555706681490e+09,4.075570609095763297e-01,2.916525103765505444e-01,-2.275285394225151414e+00,2.916525103765505444e-01,-1.683799892533708320e+00,-7.367498503624783646e-02,-4.116232618305097901e-01
4.933333333333333570e+00,1.644609555724608898e+09,4.204374114180435273e-01,2.596027839615456800e-01,-2.385708113967379251e+00,2.596027839615456800e-01,-1.564849085550144236e+00,-8.065880039356654319e-02,-4.263935514996677334e-01
4.950000000000000178e+00,1.644609555741745234e+09,4.331640042734940521e-01,2.596027839615456800e-01,-2.030777943367362059e+00,2.596027839615456800e-01,-1.428827447450298660e+00,-8.786795978906693227e-02,-4.386714698289799208e-01
4.966666666666666785e+00,1.644609555757731199e+09,4.456894101423438115e-01,2.916525103765505444e-01,-1.581199727274008149e+00,2.916525103765505444e-01,-1.276581067614670717e+00,-9.525460025436276179e-02,-4.477003053176527581e-01
4.983333333333333393e+00,1.644609555773468494e+09,4.579666677743476910e-01,2.916525103765505444e-01,-1.975566583496248363e+00,2.916525103765505444e-01,-1.109111726047627755e+00,-1.027673432948540411e-01,-4.538118825383460897e-01
5.000000000000000000e+00,1.644609555793246746e+09,4.699496022264214590e-01,2.596027839615456800e-01,-1.762608481136238803e+00,2.596027839615456800e-01,-9.275696939092606952e-01,-1.103604538697361137e-01,-4.573515537959259580e-01
5.016666666666666607e+00,1.644609555807238579e+09,4.783985035884716353e-01,2.596027839615456800e-01,-1.510213693154005110e+00,2.596027839615456800e-01,-7.332450430272764441e-01,-1.179852298466753380e-01,-4.576208154700822650e-01
5.033333333333333215e+00,1.644609555825514555e+09,4.863473887758127390e-01,2.596027839615456800e-01,-1.171058196802878815e+00,2.596027839615456800e-01,-5.240579886386911301e-01,-1.255855633072965882e-01,-4.544280687540800945e-01
5.049999999999999822e+00,1.644609555840452194e+09,4.937644918801066263e-01,2.596027839615456800e-01,-1.131621511180654238e+00,2.596027839615456800e-01,-3.079257841040264343e-01,-1.331032730184865676e-01,-4.477157423785981250e-01
5.066666666666666430e+00,1.644609555856429100e+09,5.006209224043864925e-01,2.916525103765505444e-01,-8.871140603228663268e-01,2.916525103765505444e-01,-8.661053241500554778e-02,-1.404750428360891923e-01,-4.369266062616364299e-01
5.083333333333333037e+00,1.644609555874111891e+09,5.068908595165568798e-01,3.237022367915554644e-01,-8.082406890784186171e-01,3.237022367915554644e-01,1.380817650206789260e-01,-1.476330225828319243e-01,-4.220722264846897831e-01
5.099999999999999645e+00,1.644609555890074253e+09,5.125517256491787244e-01,3.557519632065603843e-01,-7.451419920828601384e-01,3.557519632065603843e-01,3.643173942374820506e-01,-1.545098065254421060e-01,-4.031942865846789292e-01
5.116666666666666252e+00,1.644609555909383297e+09,5.175843381199269899e-01,4.198514160365725556e-01,-7.688040034561940406e-01,4.198514160365725556e-01,5.902513415780666906e-01,-1.610345060089140856e-01,-3.798345411409629335e-01
5.133333333333332860e+00,1.644609555928331614e+09,5.219730376088727031e-01,5.160005952815897023e-01,-1.186832871051768157e+00,5.160005952815897023e-01,8.140437788744800951e-01,-1.671289123656356512e-01,-3.515727285483069009e-01
5.150000000000000355e+00,1.644609555943313360e+09,5.257057924996476617e-01,6.121497745266043511e-01,-1.660073098518457524e+00,6.121497745266043511e-01,1.033876465746923490e+00,-1.727125484751227402e-01,-3.185553217675943238e-01
5.166666666666666963e+00,1.644609555961571693e+09,5.287742782702724575e-01,7.082989537716214423e-01,-1.502326356029560550e+00,7.082989537716214423e-01,1.247968914816582675e+00,-1.777076041237928006e-01,-2.809558016424542060e-01
5.183333333333333570e+00,1.644609555975857496e+09,5.311739313045966693e-01,7.723984066016336136e-01,-1.541763041651785127e+00,7.723984066016336136e-01,1.454594168111816188e+00,-1.820438017366974304e-01,-2.395030611176587332e-01
5.200000000000000178e+00,1.644609555995782137e+09,5.329039766854765103e-01,7.723984066016336136e-01,-1.549650378776229909e+00,7.723984066016336136e-01,1.652094036892440165e+00,-1.856675670336377648e-01,-1.954710884291505080e-01
5.216666666666666785e+00,1.644609556012759686e+09,5.339674297245745604e-01,8.364978594316434535e-01,-1.628523750020677507e+00,8.364978594316434535e-01,1.838893662486126734e+00,-1.885288935312380842e-01,-1.480199032329206910e-01
5.233333333333333393e+00,1.644609556029094696e+09,5.343710711794604773e-01,8.685475858466483734e-01,-1.565425053025118807e+00,8.685475858466483734e-01,2.013515262470241485e+00,-1.905773753768853496e-01,-9.793704058199191598e-02
5.250000000000000000e+00,1.644609556045053720e+09,5.341253963050387465e-01,9.646967650916654646e-01,-1.778383155385128145e+00,9.646967650916654646e-01,2.174590934575430623e+00,-1.917625322901801155e-01,-4.443042200757887916e-02
5.266666666666666607e+00,1.644609556061951160e+09,5.332445380817381064e-01,1.092895670751687476e+00,-1.455002333282891192e+00,1.092895670751687476e+00,2.320874399953314793e+00,-1.920253909460438724e-01,1.272860449336824656e-02
5.283333333333333215e+00,1.644609556078245401e+09,5.317461651558050839e-01,1.156995123581699536e+00,-1.510213693154005110e+00,1.156995123581699536e+00,2.451251577850175334e+00,-1.913166327842119596e-01,7.215729135540091543e-02
5.299999999999999822e+00,1.644609556097578049e+09,5.296513552160064808e-01,1.221094576411709376e+00,-1.541763041651785127e+00,1.221094576411709376e+00,2.564749895156943182e+00,-1.896010749352679547e-01,1.335391413659344495e-01
5.316666666666666430e+00,1.644609556113087654e+09,5.269844447145801691e-01,1.189044849996704567e+00,-1.336692276416220349e+00,1.189044849996704567e+00,2.660546246652382596e+00,-1.868621596289024578e-01,1.949600776703870608e-01
5.333333333333333037e+00,1.644609556130070686e+09,5.237728560169789827e-01,1.221094576411709376e+00,-8.397900375761971903e-01,1.221094576411709376e+00,2.737973534898780148e+00,-1.830929245212748191e-01,2.571753110846008994e-01
5.349999999999999645e+00,1.644609556148210049e+09,5.200469032334527064e-01,1.221094576411709376e+00,-7.372546549584140241e-01,1.221094576411709376e+00,2.796525732558869048e+00,-1.782872747970697391e-01,3.193299998432387876e-01
5.366666666666666252e+00,1.644609556164155960e+09,5.158395781445064276e-01,1.221094576411709376e+00,-8.634520489495310924e-01,1.221094576411709376e+00,2.835861424243697471e+00,-1.724488653648158787e-01,3.811075237552417061e-01
5.383333333333332860e+00,1.644609556180112362e+09,5.111863177805395786e-01,1.221094576411709376e+00,-1.218382219549547951e+00,1.221094576411709376e+00,2.855805799733091455e+00,-1.655866085493623019e-01,4.421936065422014672e-01
5.400000000000000355e+00,1.644609556197068214e+09,5.061247553523802178e-01,1.221094576411709376e+00,-1.612749075771788165e+00,1.221094576411709376e+00,2.856351085388729061e+00,-1.577146122792339455e-01,5.022790379687470663e-01
5.416666666666666963e+00,1.644609556217014313e+09,5.006944563528836767e-01,1.221094576411709376e+00,-1.305142927918440332e+00,1.221094576411709376e+00,2.837655415658377756e+00,-1.488520734369978005e-01,5.610623323276789920e-01
5.433333333333333570e+00,1.644609556233969212e+09,4.949366417593810685e-01,1.189044849996704567e+00,-1.289368253669551212e+00,1.189044849996704567e+00,2.800040161600809263e+00,-1.390275543619244880e-01,6.177225634458975989e-01
5.450000000000000178e+00,1.644609556248380184e+09,4.888939003616394885e-01,1.221094576411709376e+00,-1.186832871051768157e+00,1.221094576411709376e+00,2.743985748197470542e+00,-1.282698395802858993e-01,6.730495207410787106e-01
5.466666666666666785e+00,1.644609556266618490e+09,4.826098923194351298e-01,1.221094576411709376e+00,-1.494439018905115768e+00,1.221094576411709376e+00,2.670126006714671263e+00,-1.166078521750232716e-01,7.262412097212557205e-01
5.483333333333333393e+00,1.644609556282552719e+09,4.761290461172459909e-01,1.189044849996704567e+00,-1.660073098518457524e+00,1.189044849996704567e+00,2.579241122396894070e+00,-1.040836632724893296e-01,7.765217870252817400e-01
5.500000000000000000e+00,1.644609556299507618e+09,4.694962511303980568e-01,1.221094576411709376e+00,-1.565425053025118807e+00,1.221094576411709376e+00,2.472249251172163653e+00,-9.073876057308249976e-02,8.247326147856061107e-01
5.516666666666666607e+00,1.644609556316821098e+09,4.627565480470149928e-01,1.221094576411709376e+00,-1.746833806887349905e+00,1.221094576411709376e+00,2.350196891703073554e+00,-7.661386091404681631e-02,8.701292395951500946e-01
5.533333333333333215e+00,1.644609556333751678e+09,4.559548194029326984e-01,1.189044849996704567e+00,-1.502326356029560550e+00,1.189044849996704567e+00,2.214248110900024713e+00,-6.176182508363241286e-02,9.119987531130144820e-01
5.549999999999999822e+00,1.644609556350209713e+09,4.491354824824563274e-01,1.124945397166692285e+00,-1.352466950665109691e+00,1.124945397166692285e+00,2.065672731812012053e+00,-4.624712181992217397e-02,9.496610186656160302e-01
5.566666666666666430e+00,1.644609556368122101e+09,4.423421868163064929e-01,9.967464915066702735e-01,-9.344380830695340201e-01,9.967464915066702735e-01,1.905833602520192294e+00,-3.014970001835598490e-02,9.819399317644975644e-01
5.583333333333333037e+00,1.644609556386069298e+09,4.356175184696710057e-01,9.005973122616556248e-01,-9.817621058162033787e-01,9.005973122616556248e-01,1.736173073188128413e+00,-1.355546848097195431e-02,1.009291873317943233e+00
5.599999999999999645e+00,1.644609556405018091e+09,4.290027132581500924e-01,8.044481330166385336e-01,-1.486551681780671208e+00,8.044481330166385336e-01,1.558198815686502536e+00,3.452988819291166744e-03,1.031660865162732366e+00
5.616666666666666252e+00,1.644609556419928789e+09,4.225373809580283413e-01,7.082989537716214423e-01,-1.920355223625134666e+00,7.082989537716214423e-01,1.373469126142094598e+00,2.079237790447802797e-02,1.049017610742773998e+00
5.633333333333332860e+00,1.644609556437265396e+09,4.162592424903130972e-01,6.441995009416116025e-01,-2.022890606242917499e+00,6.441995009416116025e-01,1.183577855302571535e+00,3.838356743481825817e-02,1.061889377149836777e+00
5.650000000000000355e+00,1.644609556453197718e+09,4.102038819560147598e-01,5.801000481115994312e-01,-1.951904572122914461e+00,5.801000481115994312e-01,9.901391147199717357e-01,5.615193724669913233e-02,1.070291660051815530e+00
5.666666666666666963e+00,1.644609556473190784e+09,4.044045152840115009e-01,5.160005952815897023e-01,-2.235848708602926838e+00,5.160005952815897023e-01,7.947719084071029894e-01,7.402334691501219477e-02,1.074266458778313948e+00
5.683333333333333570e+00,1.644609556489146471e+09,3.988917771234432585e-01,4.519011424515774755e-01,-2.062327291865142076e+00,4.519011424515774755e-01,5.990848397989285701e-01,9.192457238361645411e-02,1.073881666347218156e+00
5.700000000000000178e+00,1.644609556507052422e+09,3.936935274709912891e-01,3.237022367915554644e-01,-1.865143863754022080e+00,3.237022367915554644e-01,4.046610425568988312e-01,1.097748769840540956e-01,1.068170749735921410e+00
5.716666666666666785e+00,1.644609556522037745e+09,3.888346793706470850e-01,2.275530575465407879e-01,-1.691622447016235764e+00,2.275530575465407879e-01,2.130434810025612080e-01,1.274910419497955472e-01,1.057797860412664992e+00
5.733333333333333393e+00,1.644609556540015221e+09,3.843370488609142432e-01,6.730442547151148369e-02,-2.330496754096265111e+00,6.730442547151148369e-02,2.572076178745574815e-02,1.449877514069968787e-01,1.041851570743113076e+00
5.750000000000000000e+00,1.644609556556943655e+09,3.802192281730705226e-01,-6.089448018850930622e-02,-2.322609416971820995e+00,-6.089448018850930622e-02,-1.558864071563046405e-01,1.621781013095829893e-01,1.021048206051446749e+00
5.766666666666666607e+00,1.644609556574065447e+09,3.764964830055101963e-01,-1.570436594335263836e-01,-2.645990239074057726e+00,-1.570436594335263836e-01,-3.304379812297492114e-01,1.789872125152992544e-01,9.961144008346758394e-01
5.783333333333333215e+00,1.644609556592016935e+09,3.731806745146121207e-01,-3.172922915085532591e-01,-2.346271428345154675e+00,-3.172922915085532591e-01,-4.966864463357645310e-01,1.953391082283785218e-01,9.661961928241913355e-01
5.799999999999999822e+00,1.644609556608077526e+09,3.702802064736011034e-01,-3.813917443385642647e-01,-1.470777007531781866e+00,-3.813917443385642647e-01,-6.534876769118262985e-01,2.111659885464866326e-01,9.331213221519100154e-01
5.816666666666666430e+00,1.644609556625436783e+09,3.677999978587966345e-01,-4.775409235835813559e-01,-1.612749075771788165e+00,-4.775409235835813559e-01,-7.998106835344277465e-01,2.264126989583987171e-01,8.965854182880310663e-01
5.833333333333333037e+00,1.644609556640928268e+09,3.657414809291765767e-01,-5.416403764135924170e-01,-1.415565647660668169e+00,-5.416403764135924170e-01,-9.347461601748332516e-01,2.410280331927470432e-01,8.573636417772090290e-01
5.849999999999999645e+00,1.644609556658997059e+09,3.641026246715861059e-01,-6.057398292436033671e-01,-1.289368253669551212e+00,-6.057398292436033671e-01,-1.057513753419081493e+00,2.549692783136121577e-01,8.157015036119658058e-01
5.866666666666666252e+00,1.644609556678207874e+09,3.628779832919493686e-01,-7.339387349036241570e-01,-9.817621058162033787e-01,-7.339387349036241570e-01,-1.167467988935097400e+00,2.681890150296773467e-01,7.707916548319219130e-01
5.883333333333332860e+00,1.644609556695605993e+09,3.620587692437650662e-01,-7.659884613186302982e-01,-1.194720208176212717e+00,-7.659884613186302982e-01,-1.264102804048216511e+00,2.806486832637116180e-01,7.244971321751068061e-01
5.900000000000000355e+00,1.644609556711955070e+09,3.616329501006061431e-01,-8.300879141486412482e-01,-1.636411087145122289e+00,-8.300879141486412482e-01,-1.347054649336683063e+00,2.923228595440308109e-01,6.765372465033655525e-01
5.916666666666666963e+00,1.644609556728477001e+09,3.615853684006525848e-01,-8.300879141486412482e-01,-1.620636412896232725e+00,-8.300879141486412482e-01,-1.416104136541042280e+00,3.031947914902008989e-01,6.282287803790340686e-01
5.933333333333333570e+00,1.644609556745421171e+09,3.618978834198388062e-01,-8.941873669786521983e-01,-1.336692276416220349e+00,-8.941873669786521983e-01,-1.471176224652465780e+00,3.132517946910464146e-01,5.787490506510032384e-01
5.950000000000000178e+00,1.644609556761379480e+09,3.625495336673899005e-01,-9.262370933936571182e-01,-1.857256526629577520e+00,-9.262370933936571182e-01,-1.512338950659976033e+00,3.224808577542575549e-01,5.288770535202315104e-01
5.966666666666666785e+00,1.644609556778659344e+09,3.635167187444844350e-01,-9.262370933936571182e-01,-1.494439018905115768e+00,-9.262370933936571182e-01,-1.539800725949702631e+00,3.308818161763119048e-01,4.793754647757878518e-01
5.983333333333333393e+00,1.644609556795131683e+09,3.647733990648320823e-01,-9.262370933936571182e-01,-1.723171795514014670e+00,-9.262370933936571182e-01,-1.553906233617243338e+00,3.384626370436721876e-01,4.304589217915792410e-01
6.000000000000000000e+00,1.644609556815496683e+09,3.662913118060465711e-01,-9.262370933936571182e-01,-2.188524685856259033e+00,-9.262370933936571182e-01,-1.555130975834912999e+00,3.452347694099476838e-01,3.823306549381609298e-01
6.016666666666666607e+00,1.644609556831480980e+09,3.680402013439061371e-01,-8.941873669786521983e-01,-1.904580549376245324e+00,-8.941873669786521983e-01,-1.544074533771762514e+00,3.512173653410642360e-01,3.357103606612041324e-01
6.033333333333333215e+00,1.644609556847458601e+09,3.699880623187815076e-01,-9.262370933936571182e-01,-2.180637348731813141e+00,-9.262370933936571182e-01,-1.521452615263989339e+00,3.564280934123402189e-01,2.897048041123007067e-01
6.049999999999999822e+00,1.644609556862523317e+09,3.721013933954208097e-01,-9.262370933936571182e-01,-1.912467886500689884e+00,-9.262370933936571182e-01,-1.488087977350903923e+00,3.608830248586636369e-01,2.450111214869012399e-01
6.066666666666666430e+00,1.644609556881501913e+09,3.743454597046292354e-01,-8.941873669786521983e-01,-2.117538651736254440e+00,-8.941873669786521983e-01,-1.444900321809455601e+00,3.646096265330459607e-01,2.022997249993838120e-01
6.083333333333333037e+00,1.644609556896803617e+09,3.766845618986426891e-01,-9.262370933936571182e-01,-1.596974401522898823e+00,-9.262370933936571182e-01,-1.392895271830474568e+00,3.676330271579453801e-01,1.606241182874155460e-01
6.099999999999999645e+00,1.644609556916725397e+09,3.790823097116174933e-01,-9.262370933936571182e-01,-1.817819841007352943e+00,-9.262370933936571182e-01,-1.333152546883308531e+00,3.699758422882188924e-01,1.206248091525259220e-01
6.116666666666666252e+00,1.644609556932729006e+09,3.815018978928957916e-01,-9.262370933936571182e-01,-1.928242560749580559e+00,-9.262370933936571182e-01,-1.266813460525717083e+00,3.716666897784894896e-01,8.238311909693243895e-02
6.133333333333332860e+00,1.644609556949687719e+09,3.839063823737492998e-01,-9.262370933936571182e-01,-1.841481852380686846e+00,-9.262370933936571182e-01,-1.195067872357015837e+00,3.727353672655823180e-01,4.595935884732837290e-02
6.150000000000000355e+00,1.644609556967616558e+09,3.862589545380638589e-01,-9.262370933936571182e-01,-1.384016299162888153e+00,-9.262370933936571182e-01,-1.119140730422784724e+00,3.732125000445179475e-01,1.139259567145206598e-02
6.166666666666666963e+00,1.644609556983938456e+09,3.885232114939849990e-01,-9.262370933936571182e-01,-1.683735109891791204e+00,-9.262370933936571182e-01,-1.040278344108809039e+00,3.731291869945810302e-01,-2.129934857031878792e-02
6.183333333333333570e+00,1.644609556999876976e+09,3.906634202863518701e-01,-9.262370933936571182e-01,-1.399790973411778827e+00,-9.262370933936571182e-01,-9.597345298755038945e-01,3.725166483867432543e-01,-5.211967035030033724e-02
6.200000000000000178e+00,1.644609557015853167e+09,3.926447740488003268e-01,-9.262370933936571182e-01,-1.218382219549547951e+00,-9.262370933936571182e-01,-8.787567730606576921e-01,3.714058793556386240e-01,-8.109213242676763245e-02
6.216666666666666785e+00,1.644609557034807682e+09,3.944336381688055004e-01,-9.262370933936571182e-01,-1.541763041651785127e+00,-9.262370933936571182e-01,-7.985725484108617822e-01,3.698273127326295318e-01,-1.082603931671672071e-01
6.233333333333333393e+00,1.644609557050879955e+09,3.959977846284332137e-01,-9.262370933936571182e-01,-1.581199727274008149e+00,-9.262370933936571182e-01,-7.203759399973256317e-01,3.678104948122487006e-01,-1.336871258033027754e-01
6.250000000000000000e+00,1.644609557069256306e+09,3.973066127870656938e-01,-9.582868198086632594e-01,-1.723171795514014670e+00,-9.582868198086632594e-01,-6.453146977534375273e-01,3.653793507396256302e-01,-1.579826736900480921e-01
6.266666666666666607e+00,1.644609557085213661e+09,3.983313549893249816e-01,-9.262370933936571182e-01,-1.604861738647343383e+00,-9.262370933936571182e-01,-5.744778630730713598e-01,3.625608473252429631e-01,-1.801760862167775812e-01
6.283333333333333215e+00,1.644609557101551294e+09,3.990452655106329627e-01,-9.262370933936571182e-01,-1.754721144011794465e+00,-9.262370933936571182e-01,-5.088840897821125253e-01,3.593845789119898826e-01,-2.009185041897873503e-01
6.299999999999999822e+00,1.644609557118506670e+09,3.994237914934165579e-01,-9.262370933936571182e-01,-1.447114996158446631e+00,-9.262370933936571182e-01,-4.494707794019667801e-01,3.558736746817155461e-01,-2.203360645061067380e-01
6.316666666666666430e+00,1.644609557136722088e+09,3.994447246777074190e-01,-9.262370933936571182e-01,-2.464581485211826628e+00,-9.262370933936571182e-01,-3.970841410399574833e-01,3.520490620779188617e-01,-2.385668058095369859e-01
6.333333333333333037e+00,1.644609557153395414e+09,3.990883328895108439e-01,-9.262370933936571182e-01,-2.519792845082940769e+00,-9.262370933936571182e-01,-3.524702765538776372e-01,3.479292839140409876e-01,-2.557588171447847114e-01
6.349999999999999645e+00,1.644609557170203209e+09,3.983374704176657066e-01,-9.262370933936571182e-01,-2.756412958816283787e+00,-9.262370933936571182e-01,-3.162673809448732776e-01,3.435303471590986368e-01,-2.720682882954845727e-01
6.366666666666666252e+00,1.644609557187526703e+09,3.971776665835223818e-01,-8.941873669786521983e-01,-2.519792845082940769e+00,-8.941873669786521983e-01,-2.889991363435135963e-01,3.388700315850259881e-01,-2.871277477767813502e-01
6.383333333333332860e+00,1.644609557203015327e+09,3.955971919862653619e-01,-9.262370933936571182e-01,-2.914159701305181205e+00,-9.262370933936571182e-01,-2.710693655840354932e-01,3.339588547843356237e-01,-3.021716786257191978e-01
6.400000000000000355e+00,1.644609557221994400e+09,3.935871020887373728e-01,-9.262370933936571182e-01,-2.748525621691839671e+00,-9.262370933936571182e-01,-2.627579983377892336e-01,3.288001716482561454e-01,-3.168295803518305087e-01
6.416666666666666963e+00,1.644609557240261078e+09,3.911412579925803712e-01,-9.582868198086632594e-01,-2.377820776842933359e+00,-9.582868198086632594e-01,-2.642183892290066449e-01,3.233945862726521625e-01,-3.317990817935210224e-01
6.433333333333333570e+00,1.644609557257676363e+09,3.882563244360799914e-01,-9.262370933936571182e-01,-2.093876640362920760e+00,-9.262370933936571182e-01,-2.754760134215843426e-01,3.177444486168954363e-01,-3.461774959180183298e-01
6.450000000000000178e+00,1.644609557273600817e+09,3.849317452316935451e-01,-9.262370933936571182e-01,-2.338384091220709671e+00,-9.262370933936571182e-01,-2.964285509846085187e-01,3.118537627045208094e-01,-3.606645707452814653e-01
6.466666666666666785e+00,1.644609557292575836e+09,3.811696965414280158e-01,-9.262370933936571182e-01,-2.425144799589602052e+00,-9.262370933936571182e-01,-3.268473570595951117e-01,3.057194250463556862e-01,-3.754149739280038811e-01
6.483333333333333393e+00,1.644609557306609869e+09,3.769750185656260411e-01,-9.262370933936571182e-01,-2.362046102594043795e+00,-9.262370933936571182e-01,-3.663803006080683655e-01,2.993358243583041367e-01,-3.905749964733143953e-01
6.500000000000000000e+00,1.644609557322956562e+09,3.723551263927668553e-01,-9.582868198086632594e-01,-1.202607545300658831e+00,-9.582868198086632594e-01,-4.145559404567948913e-01,2.926905697700906139e-01,-4.068104545561918028e-01
6.516666666666666607e+00,1.644609557341322184e+09,3.673199009234053847e-01,-9.262370933936571182e-01,-9.107760716962002290e-01,-9.262370933936571182e-01,-4.707889936221461014e-01,2.857736264502430124e-01,-4.231772793532742605e-01
6.533333333333333215e+00,1.644609557357305765e+09,3.618815609388828514e-01,-9.262370933936571182e-01,-9.502127573184248055e-01,-9.262370933936571182e-01,-5.343870376215864582e-01,2.785773791175474856e-01,-4.403247675374994397e-01
6.549999999999999822e+00,1.644609557375259399e+09,3.560545175337755941e-01,-9.262370933936571182e-01,-7.766913405806387116e-01,-9.262370933936571182e-01,-6.045583758042513134e-01,2.710880166344956654e-01,-4.583486628744127822e-01
6.566666666666666430e+00,1.644609557390706062e+09,3.498552122691133137e-01,-9.582868198086632594e-01,-1.636411087145122289e+00,-9.582868198086632594e-01,-6.804209827797322863e-01,2.632858404599129343e-01,-4.778582834096366527e-01
6.583333333333333037e+00,1.644609557406663418e+09,3.433019405298151083e-01,-9.582868198086632594e-01,-1.423452984785112729e+00,-9.582868198086632594e-01,-7.610124359165095775e-01,2.551500672898794897e-01,-4.983774978350227758e-01
6.599999999999999645e+00,1.644609557424559116e+09,3.364146616840524295e-01,-9.582868198086632594e-01,-1.131621511180654238e+00,-9.582868198086632594e-01,-8.453007287294558303e-01,2.466634993958304600e-01,-5.199507224166090014e-01
6.616666666666666252e+00,1.644609557442558289e+09,3.292147977428774297e-01,-9.582868198086632594e-01,-1.802045166758463379e+00,-9.582868198086632594e-01,-9.321958528821647771e-01,2.378083554653924736e-01,-5.426036230310181674e-01
6.633333333333332860e+00,1.644609557458517790e+09,3.217250223052088298e-01,-9.582868198086632594e-01,-2.022890606242917499e+00,-9.582868198086632594e-01,-1.020562027586514597e+00,2.285665868411746737e-01,-5.663426685300533281e-01
6.649999999999999467e+00,1.644609557473971128e+09,3.139690416450681698e-01,-9.582868198086632594e-01,-1.667960435642902084e+00,-9.582868198086632594e-01,-1.109230448468175867e+00,2.189201993809138658e-01,-5.911549022077398075e-01
6.666666666666666963e+00,1.644609557491973162e+09,3.059713698544758165e-01,-9.582868198086632594e-01,-1.699509784140680546e+00,-9.582868198086632594e-01,-1.197012422551162469e+00,2.088515772807267579e-01,-6.170079341468831524e-01
6.683333333333333570e+00,1.644609557507292271e+09,2.977570999961894338e-01,-9.582868198086632594e-01,-3.008807746798517702e+00,-9.582868198086632594e-01,-1.282712751951520902e+00,1.983438051762998477e-01,-6.438501549051259820e-01
6.700000000000000178e+00,1.644609557525085449e+09,2.893516732450687190e-01,-9.903365462236681793e-01,-3.387399928771868574e+00,-9.903365462236681793e-01,-1.365143226201069648e+00,1.873765581243887479e-01,-6.721409040602938090e-01
6.716666666666666785e+00,1.644609557543309450e+09,2.807806480053098852e-01,-9.903365462236681793e-01,-3.663456728127437056e+00,-9.903365462236681793e-01,-1.443136081874657251e+00,1.759309337068059309e-01,-7.012531567776830732e-01
6.733333333333333393e+00,1.644609557559769392e+09,2.720694709828693769e-01,-9.582868198086632594e-01,-3.497822648514095079e+00,-9.582868198086632594e-01,-1.515557288380209089e+00,1.639985499471638131e-01,-7.305515081545221889e-01
6.750000000000000000e+00,1.644609557576088667e+09,2.632432521683358839e-01,-9.903365462236681793e-01,-3.387399928771868574e+00,-9.903365462236681793e-01,-1.581319520391337496e+00,1.515683971976490851e-01,-7.609822898485908427e-01
6.766666666666666607e+00,1.644609557592487574e+09,2.543265456454176787e-01,-9.582868198086632594e-01,-3.426836614394092262e+00,-9.582868198086632594e-01,-1.639394680438746921e+00,1.386316732221056225e-01,-7.913402575438375219e-01
6.783333333333333215e+00,1.644609557610202789e+09,2.453431380844984799e-01,-9.582868198086632594e-01,-3.347963243149644441e+00,-9.582868198086632594e-01,-1.688825839601816092e+00,1.251863487195855329e-01,-8.220134773648254400e-01
6.799999999999999822e+00,1.644609557626021147e+09,2.363158467098469551e-01,-9.582868198086632594e-01,-3.016695083922962262e+00,-9.582868198086632594e-01,-1.728738470010691142e+00,1.112285277347150603e-01,-8.528394112102775093e-01
6.816666666666666430e+00,1.644609557643005371e+09,2.272663284436090281e-01,-9.582868198086632594e-01,-2.819511655811842488e+00,-9.582868198086632594e-01,-1.758350849924697812e+00,9.675710880242825718e-02,-8.836452867735467009e-01
6.833333333333333037e+00,1.644609557657967806e+09,2.182149018303804200e-01,-9.582868198086632594e-01,-3.056131769545187282e+00,-9.582868198086632594e-01,-1.776983530425767732e+00,8.177393997852969165e-02,-9.142499571202219455e-01
6.849999999999999645e+00,1.644609557676937342e+09,2.091803832338466063e-01,-9.582868198086632594e-01,-3.016695083922962262e+00,-9.582868198086632594e-01,-1.784067762172361515e+00,6.628394197023533552e-02,-9.444658688116113199e-01
6.866666666666666252e+00,1.644609557695403099e+09,2.001799386724359420e-01,-9.582868198086632594e-01,-1.983453920620692923e+00,-9.582868198086632594e-01,-1.779152791107612597e+00,5.029519772880673700e-02,-9.741011180854539653e-01
6.883333333333332860e+00,1.644609557712681532e+09,1.912289525254772526e-01,-9.903365462236681793e-01,-1.486551681780671208e+00,-9.903365462236681793e-01,-1.761911943400030545e+00,3.381458049184799669e-02,-1.003491309008890164e+00
6.899999999999999467e+00,1.644609557728722811e+09,1.823409141957025859e-01,-9.582868198086632594e-01,-1.447114996158446631e+00,-9.582868198086632594e-01,-1.732147432102993267e+00,1.685672394069016866e-02,-1.031374023322926714e+00
6.916666666666666963e+00,1.644609557745674849e+09,1.735273236597008051e-01,-9.582868198086632594e-01,-1.431340321909557289e+00,-9.582868198086632594e-01,-1.689793830928894458e+00,-5.561434407604856633e-04,-1.058095833453768675e+00
6.933333333333333570e+00,1.644609557764015198e+09,1.647976166760264372e-01,-9.582868198086632594e-01,-1.439227659034001849e+00,-9.582868198086632594e-01,-1.634920174015090932e+00,-1.840310431776984515e-02,-1.083468989140488503e+00
6.950000000000000178e+00,1.644609557780972004e+09,1.561591102526322661e-01,-9.903365462236681793e-01,0.000000000000000000e+00,-9.903365462236681793e-01,-1.567730654478651564e+00,-3.666459304420760512e-02,-1.107841953759089337e+00
6.966666666666666785e+00,1.644609557796976805e+09,1.476169688024092097e-01,-1.022386272638674320e+00,-1.226269556673992733e+00,-1.022386272638674320e+00,-1.488563908774460209e+00,-5.532242361537325487e-02,-1.131033292878142582e+00
6.983333333333333393e+00,1.644609557814906597e+09,1.391741912392920888e-01,-1.086485725468685271e+00,-9.265507459450895711e-01,-1.086485725468685271e+00,-1.397890888245324703e+00,-7.435990295142880235e-02,-1.153402090437320560e+00
7.000000000000000000e+00,1.644609557834827662e+09,1.308316190891273545e-01,-1.118535451883690079e+00,-1.131621511180654238e+00,-1.118535451883690079e+00,-1.296311333638895835e+00,-9.375750249609388076e-02,-1.174251937318032013e+00
7.016666666666666607e+00,1.644609557850811481e+09,1.225879655106267840e-01,-1.118535451883690079e+00,-1.155283522553989473e+00,-1.118535451883690079e+00,-1.184548882620097832e+00,-1.134842830120152274e-01,-1.192909895710507096e+00
7.033333333333333215e+00,1.644609557866789103e+09,1.144398649438796295e-01,-1.150585178298696221e+00,-1.289368253669551212e+00,-1.150585178298696221e+00,-1.063444854286929697e+00,-1.335071522300050606e-01,-1.209787527035611099e+00
7.049999999999999822e+00,1.644609557885718346e+09,1.063819429283267282e-01,-1.182634904713701030e+00,-1.123734174056209456e+00,-1.182634904713701030e+00,-9.339507682606975614e-01,-1.537955250929818052e-01,-1.224775582055541046e+00
7.066666666666666430e+00,1.644609557901695251e+09,9.840690546039537745e-02,-1.150585178298696221e+00,-1.297255590793995772e+00,-1.150585178298696221e+00,-7.971196689334736352e-01,-1.743083028114012223e-01,-1.236724551790991056e+00
7.083333333333333037e+00,1.644609557918630123e+09,9.050564709448041811e-02,-1.182634904713701030e+00,-1.731059132638460563e+00,-1.182634904713701030e+00,-6.540963377840128823e-01,-1.950032518980908680e-01,-1.246641790079263235e+00
7.099999999999999645e+00,1.644609557935802698e+09,8.266737683097005740e-02,-1.150585178298696221e+00,-1.525988367402894230e+00,-1.150585178298696221e+00,-5.061064881948456051e-01,-2.158372513596120146e-01,-1.253419318392634541e+00
7.116666666666666252e+00,1.644609557954166651e+09,7.487976068294829868e-02,-1.150585178298696221e+00,-1.636411087145122289e+00,-1.150585178298696221e+00,-3.544450478010751082e-01,-2.367623259569416883e-01,-1.257578080896967654e+00
7.133333333333332860e+00,1.644609557966749430e+09,6.712907967020426137e-02,-1.150585178298696221e+00,-1.541763041651785127e+00,-1.150585178298696221e+00,-2.004636429679211851e-01,-2.577348708638568797e-01,-1.259123016344496193e+00
7.149999999999999467e+00,1.644609557985709906e+09,5.940040185646910942e-02,-1.150585178298696221e+00,-1.628523750020677507e+00,-1.150585178298696221e+00,-4.555740843317424016e-02,-2.787115555812349488e-01,-1.258082041405982565e+00
7.166666666666666963e+00,1.644609558002785921e+09,5.167776692444886466e-02,-1.086485725468685271e+00,-1.589087064398452931e+00,-1.086485725468685271e+00,1.088487476252231745e-01,-2.996408543925547230e-01,-1.253446692225387071e+00
7.183333333333333570e+00,1.644609558019860983e+09,4.394438167423259795e-02,-1.054435999053679129e+00,-1.731059132638460563e+00,-1.054435999053679129e+00,2.613142868993340029e-01,-3.204680522803748377e-01,-1.245838189540139362e+00
7.200000000000000178e+00,1.644609558035805702e+09,3.618282473489753404e-02,-9.262370933936571182e-01,-1.896693212251800542e+00,-9.262370933936571182e-01,4.103974518553971107e-01,-3.411311943423455673e-01,-1.233772374837139640e+00
7.216666666666666785e+00,1.644609558051714420e+09,2.837525869745302978e-02,-7.659884613186302982e-01,-2.291060068474040978e+00,-7.659884613186302982e-01,5.546698002586087917e-01,-3.615528454391760405e-01,-1.216872701424642766e+00
7.233333333333333393e+00,1.644609558068693876e+09,2.050364781023257532e-02,-6.057398292436033671e-01,-2.156975337358479017e+00,-6.057398292436033671e-01,6.927307175865713429e-01,-3.816539668399776541e-01,-1.195321731884791738e+00
7.250000000000000000e+00,1.644609558086730480e+09,1.254997932619470249e-02,-3.813917443385642647e-01,-1.999228594869583819e+00,-3.813917443385642647e-01,8.232217612933282469e-01,-4.013498714882828833e-01,-1.168261993620573813e+00
7.266666666666666607e+00,1.644609558103509665e+09,4.496486555496810068e-03,-2.211431122635373892e-01,-1.746833806887349905e+00,-2.211431122635373892e-01,9.448406920351613003e-01,-4.205595863149821922e-01,-1.136990652464347384e+00
7.283333333333333215e+00,1.644609558119124413e+09,-3.674128343176326361e-03,-9.294420660351540575e-02,-1.762608481136238803e+00,-9.294420660351540575e-02,1.056355049567850202e+00,-4.392193220201328629e-01,-1.102274069376457888e+00
7.299999999999999822e+00,1.644609558136132479e+09,-1.197847380295631418e-02,6.730442547151148369e-02,-1.786270492509572927e+00,6.730442547151148369e-02,1.156615135046947795e+00,-4.572692614848757886e-01,-1.063825470569740528e+00
7.316666666666666430e+00,1.644609558156074286e+09,-2.043225247867235320e-02,2.275530575465407879e-01,-1.518101030278449670e+00,2.275530575465407879e-01,1.244566266872113136e+00,-4.746494200339242964e-01,-1.021909989947047848e+00
7.333333333333333037e+00,1.644609558170579910e+09,-2.905005099558369622e-02,3.557519632065603843e-01,-1.581199727274008149e+00,3.557519632065603843e-01,1.319260183961764366e+00,-4.913087529684435628e-01,-9.773337878930564715e-01
7.349999999999999645e+00,1.644609558188534975e+09,-3.784513770169495306e-02,4.839508688665823399e-01,-1.525988367402894230e+00,4.839508688665823399e-01,1.379865478359506792e+00,-5.072052283590131605e-01,-9.303737067153854401e-01
7.366666666666666252e+00,1.644609558203490019e+09,-4.682927024814764749e-02,5.480503216965945112e-01,-1.510213693154005110e+00,5.480503216965945112e-01,1.425676948284147816e+00,-5.223103409283056386e-01,-8.823731396464139509e-01
7.383333333333332860e+00,1.644609558223412752e+09,-5.601251474692363341e-02,6.762492273566165224e-01,-1.423452984785112729e+00,6.762492273566165224e-01,1.456123773048384695e+00,-5.366001616812771102e-01,-8.325437688866924590e-01
7.399999999999999467e+00,1.644609558237401009e+09,-6.540307816510776417e-02,7.403486801866263622e-01,-1.675847772767346422e+00,7.403486801866263622e-01,1.470776422589624266e+00,-5.500554980994648568e-01,-7.822363474222339130e-01
7.416666666666666963e+00,1.644609558255479574e+09,-7.500715551127280778e-02,7.723984066016336136e-01,-1.376128962038443593e+00,7.723984066016336136e-01,1.469352226567856246e+00,-5.626750959658604057e-01,-7.322542390030135628e-01
7.433333333333333570e+00,1.644609558274458170e+09,-8.482879325273978699e-02,8.685475858466483734e-01,-1.486551681780671208e+00,8.685475858466483734e-01,1.451719540971711853e+00,-5.744577175084097931e-01,-6.818004986801581291e-01
7.450000000000000178e+00,1.644609558292409182e+09,-9.486977027351173319e-02,9.005973122616556248e-01,-1.557537715900674247e+00,9.005973122616556248e-01,1.417900463807064249e+00,-5.854066564583083609e-01,-6.322099301291141948e-01
7.466666666666666785e+00,1.644609558307551861e+09,-1.051294975427675416e-01,9.646967650916654646e-01,-1.234156893798437293e+00,9.646967650916654646e-01,1.368072065589002850e+00,-5.955339642812449430e-01,-5.832031417948332352e-01
7.483333333333333393e+00,1.644609558323529005e+09,-1.156049375137360447e-01,9.967464915066702735e-01,-1.533875704527340345e+00,9.967464915066702735e-01,1.302566114879555759e+00,-6.048558821310611178e-01,-5.355593471719133358e-01
7.500000000000000000e+00,1.644609558342456341e+09,-1.262905441140551588e-01,1.028796217921677636e+00,-1.234156893798437293e+00,1.028796217921677636e+00,1.221867293866276238e+00,-6.133970367590685369e-01,-4.895071340141067262e-01
7.516666666666666607e+00,1.644609558359416485e+09,-1.371782240224190541e-01,1.028796217921677636e+00,-1.857256526629577520e+00,1.028796217921677636e+00,1.126609913815997510e+00,-6.211901722526358416e-01,-4.457905629915782098e-01
7.533333333333333215e+00,1.644609558376365423e+09,-1.482573197537993270e-01,1.060845944336682445e+00,-1.904580549376245324e+00,1.060845944336682445e+00,1.017573155017631237e+00,-6.282713698710910011e-01,-4.040690470505511334e-01
7.549999999999999822e+00,1.644609558396313429e+09,-1.595146148982843348e-01,1.060845944336682445e+00,-1.683735109891791204e+00,1.060845944336682445e+00,8.956748704013264284e-01,-6.346798081390235824e-01,-3.650519285369850375e-01
7.566666666666666430e+00,1.644609558411248922e+09,-1.709343616777925234e-01,1.060845944336682445e+00,-1.462889670407337528e+00,1.060845944336682445e+00,7.619640062449872797e-01,-6.404618183735494297e-01,-3.288897524594313615e-01
7.583333333333333037e+00,1.644609558430221796e+09,-1.824983308023345741e-01,1.124945397166692285e+00,-2.078101966114031640e+00,1.124945397166692285e+00,6.176117071123430335e-01,-6.456572049744282449e-01,-2.946517474539019354e-01
7.599999999999999645e+00,1.644609558445186615e+09,-1.941858834243329612e-01,1.092895670751687476e+00,-1.525988367402894230e+00,1.092895670751687476e+00,4.639011852730453578e-01,-6.503123444270613174e-01,-2.640499937341900250e-01
7.616666666666666252e+00,1.644609558463108301e+09,-2.059740648073119795e-01,1.124945397166692285e+00,-1.439227659034001849e+00,1.124945397166692285e+00,3.022164472049559958e-01,-6.544795866330193057e-01,-2.360967207887045560e-01
7.633333333333332860e+00,1.644609558479096413e+09,-2.178377191456601358e-01,1.156995123581699536e+00,-1.328804939291774234e+00,1.156995123581699536e+00,1.340299812490605147e-01,-6.582036051509533303e-01,-2.108556171902578602e-01
7.649999999999999467e+00,1.644609558498041153e+09,-2.297496247962383942e-01,1.124945397166692285e+00,-1.391903636287332935e+00,1.124945397166692285e+00,-3.911047903615916255e-02,-6.615387658937078585e-01,-1.894232078119943985e-01
7.666666666666666963e+00,1.644609558514995575e+09,-2.416806490122471451e-01,1.124945397166692285e+00,-1.738946469762905123e+00,1.124945397166692285e+00,-2.155959918960286825e-01,-6.645440563356662667e-01,-1.712620939488582739e-01
7.683333333333333570e+00,1.644609558531950474e+09,-2.535999211058658220e-01,1.124945397166692285e+00,-2.259510719976262294e+00,1.124945397166692285e+00,-3.937711126651670668e-01,-6.672737796052659043e-01,-1.563461326042332178e-01
7.700000000000000178e+00,1.644609558547907591e+09,-2.654750228104894583e-01,1.124945397166692285e+00,-2.645990239074057726e+00,1.124945397166692285e+00,-5.719491282945610156e-01,-6.697815737555697924e-01,-1.446217339727271511e-01
7.716666666666666785e+00,1.644609558563865423e+09,-2.772721944668574690e-01,1.124945397166692285e+00,-2.582891542078499025e+00,1.124945397166692285e+00,-7.484276765293901290e-01,-6.721199559469442919e-01,-1.360080564373976342e-01
7.733333333333333393e+00,1.644609558580460072e+09,-2.889565555214035908e-01,1.124945397166692285e+00,-2.188524685856259033e+00,1.124945397166692285e+00,-9.215046009802687621e-01,-6.743398720426679871e-01,-1.303974604052335617e-01
7.750000000000000000e+00,1.644609558598789692e+09,-3.004923377007459040e-01,1.124945397166692285e+00,-1.762608481136238803e+00,1.124945397166692285e+00,-1.089493890606901161e+00,-6.764902559073507904e-01,-1.276562180978875471e-01
7.766666666666666607e+00,1.644609558615748644e+09,-3.118431291144353468e-01,1.156995123581699536e+00,-1.880918538002911200e+00,1.156995123581699536e+00,-1.250741550882428887e+00,-6.786131759050906265e-01,-1.270957385551598207e-01
7.783333333333333215e+00,1.644609558631102800e+09,-3.229721274398614783e-01,1.156995123581699536e+00,-1.226269556673992733e+00,1.156995123581699536e+00,-1.403641254142821371e+00,-6.807479505741393933e-01,-1.290717327287964622e-01
7.799999999999999822e+00,1.644609558647444248e+09,-3.338424002592784157e-01,1.156995123581699536e+00,-1.320917602167329674e+00,1.156995123581699536e+00,-1.546649618347128552e+00,-6.829351379407351263e-01,-1.333787869416245553e-01
7.816666666666666430e+00,1.644609558667361736e+09,-3.444171505501027464e-01,1.156995123581699536e+00,-1.715284458389569888e+00,1.156995123581699536e+00,-1.678300966669262539e+00,-6.852116984016548562e-01,-1.397906571988308810e-01
7.833333333333333037e+00,1.644609558682321787e+09,-3.546599852764268368e-01,1.124945397166692285e+00,-1.675847772767346422e+00,1.124945397166692285e+00,-1.797221424977176962e+00,-6.876150898333858175e-01,-1.485918662306080495e-01
7.849999999999999645e+00,1.644609558699553013e+09,-3.645351849925824728e-01,1.156995123581699536e+00,-1.652185761394011188e+00,1.156995123581699536e+00,-1.902142220290614860e+00,-6.901740174433268482e-01,-1.584520568991489575e-01
7.866666666666666252e+00,1.644609558715510607e+09,-3.740079723489427854e-01,1.189044849996704567e+00,-1.336692276416220349e+00,1.189044849996704567e+00,-1.991912050684715219e+00,-6.929038919995174073e-01,-1.691033023544252778e-01
7.883333333333332860e+00,1.644609558732462168e+09,-3.830447773861320737e-01,1.189044849996704567e+00,-7.372546549584140241e-01,1.189044849996704567e+00,-2.065508405753924137e+00,-6.958199813232435194e-01,-1.807949389599861345e-01
7.899999999999999467e+00,1.644609558748592615e+09,-3.916134975164758947e-01,1.221094576411709376e+00,-6.031699238428525067e-01,1.221094576411709376e+00,-2.122047726585979177e+00,-6.989326989173810789e-01,-1.926981072020864105e-01
7.916666666666666963e+00,1.644609558767543077e+09,-3.996837501209491439e-01,1.253144302826714185e+00,0.000000000000000000e+00,1.253144302826714185e+00,-2.160794305124045245e+00,-7.022430835499068325e-01,-2.045152226078495450e-01
7.933333333333333570e+00,1.644609558785496712e+09,-4.072271157355786819e-01,1.285194029241721658e+00,0.000000000000000000e+00,1.285194029241721658e+00,-2.181167834711526865e+00,-7.057471751978537933e-01,-2.159440277177326617e-01
7.950000000000000178e+00,1.644609558801451445e+09,-4.142173698633573320e-01,1.285194029241721658e+00,0.000000000000000000e+00,1.285194029241721658e+00,-2.182749536402504464e+00,-7.094403868441278016e-01,-2.272100745241383279e-01
7.966666666666666785e+00,1.644609558819404364e+09,-4.206307015252330750e-01,1.285194029241721658e+00,0.000000000000000000e+00,1.285194029241721658e+00,-2.165286799158300912e+00,-7.133173979031873779e-01,-2.380012762970217521e-01
7.983333333333333393e+00,1.644609558837846994e+09,-4.264459167566189146e-01,1.317243755656726467e+00,0.000000000000000000e+00,1.317243755656726467e+00,-2.128696286205189026e+00,-7.173632912148439900e-01,-2.474795918278395734e-01
8.000000000000000000e+00,1.644609558856171608e+09,-4.316446253629973584e-01,1.381343208486736307e+00,-9.265507459450895711e-01,1.381343208486736307e+00,-2.073065474462787883e+00,-7.215493100984590180e-01,-2.548222773771587901e-01
8.016666666666665719e+00,1.644609558870448112e+09,-4.362114093690050987e-01,1.445442661316748589e+00,-5.795079124695186046e-01,1.445442661316748589e+00,-1.998652608924880614e+00,-7.258375615086442023e-01,-2.597541917604425099e-01
8.033333333333333215e+00,1.644609558887416601e+09,-4.401339717289263209e-01,1.477492387731753398e+00,-6.347192723406324122e-01,1.477492387731753398e+00,-1.905885069038604440e+00,-7.301900904703068074e-01,-2.625415408205607481e-01
8.050000000000000711e+00,1.644609558904350042e+09,-4.434032640116206125e-01,1.573641566976770489e+00,-6.110572609672985100e-01,1.573641566976770489e+00,-1.795356159336761070e+00,-7.345601437788232824e-01,-2.618667307180441162e-01
8.066666666666666430e+00,1.644609558922293186e+09,-4.460135919287290251e-01,1.573641566976770489e+00,-8.555647118250864214e-01,1.573641566976770489e+00,-1.667820351683221958e+00,-7.389014281480160706e-01,-2.590950927606254783e-01
8.083333333333333925e+00,1.644609558942286253e+09,-4.479626977400368304e-01,1.637741019806780329e+00,-9.975367800650926098e-01,1.637741019806780329e+00,-1.524187021345727144e+00,-7.431682092156057795e-01,-2.529357450520182127e-01
8.099999999999999645e+00,1.644609558957999229e+09,-4.492518187430939447e-01,1.669790746221785138e+00,-1.573312390149563589e+00,1.669790746221785138e+00,-1.365512733569778536e+00,-7.473068423242250624e-01,-2.437258117325321605e-01
8.116666666666667140e+00,1.644609558976931095e+09,-4.498857212341171308e-01,1.701840472636792390e+00,-2.117538651736254440e+00,1.701840472636792390e+00,-1.192992151249979926e+00,-7.512649932716546353e-01,-2.312868554286556799e-01
8.133333333333332860e+00,1.644609558992908955e+09,-4.498727095124862019e-01,1.797989651881807038e+00,-1.975566583496248363e+00,1.797989651881807038e+00,-1.007947647545540670e+00,-7.549787077437412064e-01,-2.144057742176314063e-01
8.150000000000000355e+00,1.644609559009814262e+09,-4.492246096903659280e-01,1.894138831126824352e+00,-2.330496754096265111e+00,1.894138831126824352e+00,-8.118177197368469100e-01,-7.583730327495655787e-01,-1.929727640219740803e-01
8.166666666666666075e+00,1.644609559027814150e+09,-4.479567282606261580e-01,1.926188557541829161e+00,-2.204299360105148597e+00,1.926188557541829161e+00,-6.061443121455520888e-01,-7.613802668189724177e-01,-1.679647925292959698e-01
8.183333333333333570e+00,1.644609559045766115e+09,-4.460877855688358262e-01,1.990288010371841443e+00,-2.354158765469599235e+00,1.990288010371841443e+00,-3.925591664334827091e-01,-7.639358015416948255e-01,-1.387804437409342340e-01
8.199999999999999289e+00,1.644609559060724497e+09,-4.436398245271838126e-01,1.990288010371841443e+00,-1.975566583496248363e+00,1.990288010371841443e+00,-1.727693269485229277e-01,-7.659786039257961976e-01,-1.064456632997775321e-01
8.216666666666666785e+00,1.644609559078668594e+09,-4.406380950981532707e-01,2.022337736786846030e+00,-1.951904572122914461e+00,2.022337736786846030e+00,5.145806308785377814e-02,-7.674515622753544930e-01,-7.040944161897425002e-02
8.233333333333332504e+00,1.644609559095586300e+09,-4.371109152622762450e-01,2.054387463201851283e+00,-1.833594515256242286e+00,2.054387463201851283e+00,2.783115319404815824e-01,-7.682931344326366929e-01,-3.068955287598649356e-02
8.250000000000000000e+00,1.644609559112568378e+09,-4.330895093657590733e-01,2.086437189616858312e+00,-1.778383155385128145e+00,2.086437189616858312e+00,5.059514682122884244e-01,-7.684423261092667712e-01,1.266611643112933172e-02
8.266666666666665719e+00,1.644609559131536484e+09,-4.286078249188292055e-01,2.118486916031863121e+00,-1.596974401522898823e+00,2.118486916031863121e+00,7.325265761189077018e-01,-7.678391902129599877e-01,5.957987207066870600e-02
8.283333333333333215e+00,1.644609559146448612e+09,-4.237023290829469158e-01,2.150536642446868374e+00,-1.644298424269566627e+00,2.150536642446868374e+00,9.561904425657505868e-01,-7.664253188516252369e-01,1.099447854595443086e-01
8.300000000000000711e+00,1.644609559164428234e+09,-4.184117862431513957e-01,2.214636095276880212e+00,-1.549650378776229909e+00,2.214636095276880212e+00,1.175118060351786564e+00,-7.641398968538947178e-01,1.641552660556248600e-01
8.316666666666666430e+00,1.644609559181817770e+09,-4.127770182096843210e-01,2.278735548106890274e+00,-1.194720208176212717e+00,2.278735548106890274e+00,1.387522152265795672e+00,-7.609202636172914813e-01,2.220399278252331021e-01
8.333333333333333925e+00,1.644609559198671103e+09,-4.068406487292712259e-01,2.310785274521895083e+00,-1.447114996158446631e+00,2.310785274521895083e+00,1.591669142784010615e+00,-7.567112574678297454e-01,2.828718286308697927e-01
8.349999999999999645e+00,1.644609559216993570e+09,-4.006468341102442099e-01,2.342835000936902556e+00,-1.549650378776229909e+00,2.342835000936902556e+00,1.785894627495156373e+00,-7.514655351923678062e-01,3.464382668292754763e-01
8.366666666666667140e+00,1.644609559233395576e+09,-3.942409818757194317e-01,2.374884727351907365e+00,-1.691622447016235764e+00,2.374884727351907365e+00,1.968618195242713309e+00,-7.451394875138721563e-01,4.125039345273567859e-01
8.383333333333332860e+00,1.644609559250756502e+09,-3.876694594548774075e-01,2.374884727351907365e+00,-2.109651314611809880e+00,2.374884727351907365e+00,2.138357464234795113e+00,-7.376980259242008620e-01,4.802831761307972402e-01
8.400000000000000355e+00,1.644609559265934229e+09,-3.809792950027711678e-01,2.406934453766912174e+00,-1.983453920620692923e+00,2.406934453766912174e+00,2.293741200966207483e+00,-7.291103836070220723e-01,5.500401280591704634e-01
8.416666666666666075e+00,1.644609559284233093e+09,-3.742178725038380338e-01,2.438984180181916983e+00,-2.022890606242917499e+00,2.438984180181916983e+00,2.433521399655261597e+00,-7.193460270543838853e-01,6.214841978371519193e-01
8.433333333333333570e+00,1.644609559300606966e+09,-3.674326233624918836e-01,2.471033906596921792e+00,-1.959791909247359243e+00,2.471033906596921792e+00,2.556584209927516671e+00,-7.083793796750483818e-01,6.943111857332237014e-01
8.449999999999999289e+00,1.644609559317632198e+09,-3.606707167157639504e-01,2.471033906596921792e+00,-1.951904572122914461e+00,2.471033906596921792e+00,2.661959611587506380e+00,-6.961944535609618789e-01,7.676761515888776977e-01
8.466666666666666785e+00,1.644609559335627794e+09,-3.539787507174058101e-01,2.471033906596921792e+00,-1.873031200878466862e+00,2.471033906596921792e+00,2.748829747393541467e+00,-6.827849126751355247e-01,8.412643382695591532e-01
8.483333333333332504e+00,1.644609559352610588e+09,-3.474024470402354847e-01,2.503083633011929265e+00,-2.062327291865142076e+00,2.503083633011929265e+00,2.816535837676982013e+00,-6.681452877251828903e-01,9.152850378310883883e-01
8.500000000000000000e+00,1.644609559371583700e+09,-3.409863508236848917e-01,2.503083633011929265e+00,-2.078101966114031640e+00,2.503083633011929265e+00,2.864583614295198366e+00,-6.522755718422814653e-01,9.888764427366391052e-01
8.516666666666665719e+00,1.644609559383747816e+09,-3.347735382567016416e-01,2.535133359426934074e+00,-2.212186697229592713e+00,2.535133359426934074e+00,2.892647225647328568e+00,-6.351811941416458662e-01,1.062245074787241172e+00
8.533333333333333215e+00,1.644609559402869940e+09,-3.288053339325687774e-01,2.567183085841938883e+00,-1.873031200878466862e+00,2.567183085841938883e+00,2.900571579171777437e+00,-6.168686183790340616e-01,1.135061743441524662e+00
8.550000000000000711e+00,1.644609559418987751e+09,-3.231210400423124018e-01,2.599232812256944136e+00,-1.731059132638460563e+00,2.599232812256944136e+00,2.888373102743469367e+00,-5.973497470822387578e-01,1.207002970728069613e+00
8.566666666666666430e+00,1.644609559434200287e+09,-3.177576793876238370e-01,2.663332265086955974e+00,-1.873031200878466862e+00,2.663332265086955974e+00,2.856238921548710508e+00,-5.766373768296091384e-01,1.278283453586034346e+00
8.583333333333333925e+00,1.644609559452165127e+09,-3.127497540933399933e-01,2.663332265086955974e+00,-1.234156893798437293e+00,2.663332265086955974e+00,2.804524462190177481e+00,-5.547539866521365992e-01,1.347531008863180668e+00
8.599999999999999645e+00,1.644609559471359491e+09,-3.081290217842548862e-01,2.663332265086955974e+00,-1.257818905171771195e+00,2.663332265086955974e+00,2.733749510814957429e+00,-5.317358105318643613e-01,1.414464195674606906e+00
8.616666666666667140e+00,1.644609559487366915e+09,-3.039242908621864192e-01,2.663332265086955974e+00,-1.289368253669551212e+00,2.663332265086955974e+00,2.644592766819196861e+00,-5.076236405171957733e-01,1.478817442858374243e+00
8.633333333333332860e+00,1.644609559501307011e+09,-3.001612363779689874e-01,2.631282538671951166e+00,-2.078101966114031640e+00,2.631282538671951166e+00,2.537884948019287101e+00,-4.824669701467902971e-01,1.539813563932822760e+00
8.650000000000000355e+00,1.644609559519668341e+09,-2.968622378402102080e-01,2.631282538671951166e+00,-1.746833806887349905e+00,2.631282538671951166e+00,2.414600516953962828e+00,-4.563191506802896091e-01,1.597763795393420727e+00
8.666666666666666075e+00,1.644609559536711454e+09,-2.940462401396705672e-01,2.663332265086955974e+00,-1.896693212251800542e+00,2.663332265086955974e+00,2.275848111057769074e+00,-4.292282359649952639e-01,1.652992553613871873e+00
8.683333333333333570e+00,1.644609559554639816e+09,-2.917286385960604078e-01,2.663332265086955974e+00,-1.951904572122914461e+00,2.663332265086955974e+00,2.122859771701285148e+00,-4.012456009954383784e-01,1.704779785924118940e+00
8.699999999999999289e+00,1.644609559570644617e+09,-2.899211889543271692e-01,2.663332265086955974e+00,-2.101763977487365320e+00,2.663332265086955974e+00,1.956979078403629169e+00,-3.724299098898724014e-01,1.752969283876729456e+00
8.716666666666666785e+00,1.644609559588596344e+09,-2.886319429715011320e-01,2.663332265086955974e+00,-1.565425053025118807e+00,2.663332265086955974e+00,1.779648304784815727e+00,-3.428422094575337975e-01,1.797431259608920362e+00
8.733333333333332504e+00,1.644609559603758574e+09,-2.878652100442342654e-01,2.663332265086955974e+00,-1.391903636287332935e+00,2.663332265086955974e+00,1.592394721933977353e+00,-3.125454807648962441e-01,1.838063314033298257e+00
8.750000000000000000e+00,1.644609559620628834e+09,-2.876215451329398598e-01,2.663332265086955974e+00,-1.865143863754022080e+00,2.663332265086955974e+00,1.396816182743816359e+00,-2.816041766902380172e-01,1.874791150755819480e+00
8.766666666666665719e+00,1.644609559637582541e+09,-2.878977630422034362e-01,2.663332265086955974e+00,-1.502326356029560550e+00,2.663332265086955974e+00,1.194566127319736104e+00,-2.500837497492441330e-01,1.907569030354937079e+00
8.783333333333333215e+00,1.644609559656096697e+09,-2.886869789206070180e-01,2.599232812256944136e+00,-2.283172731349596418e+00,2.599232812256944136e+00,9.873381547579107576e-01,-2.180590279913967866e-01,1.935320491380670749e+00
8.800000000000000711e+00,1.644609559672236681e+09,-2.899786746476683552e-01,2.471033906596921792e+00,-2.117538651736254440e+00,2.471033906596921792e+00,7.768503103457773395e-01,-1.856223945116795004e-01,1.957015261516665161e+00
8.816666666666666430e+00,1.644609559688858986e+09,-2.917587905827888628e-01,2.246685821691885465e+00,-1.936129897874025119e+00,2.246685821691885465e+00,5.648292395409588718e-01,-1.528874495476941764e-01,1.971138900906560520e+00
8.833333333333333925e+00,1.644609559706831932e+09,-2.940098419624599391e-01,1.990288010371841443e+00,-1.675847772767346422e+00,1.990288010371841443e+00,3.529943609066420462e-01,-1.199837338907681905e-01,1.977289891437609359e+00
8.849999999999999645e+00,1.644609559721441984e+09,-2.967110590488578059e-01,1.797989651881807038e+00,-2.322609416971820995e+00,1.797989651881807038e+00,1.430422095185996945e-01,-8.703391034400848048e-02,1.976690598914189856e+00
8.866666666666667140e+00,1.644609559736452103e+09,-2.998385499568828605e-01,1.669790746221785138e+00,-2.362046102594043795e+00,1.669790746221785138e+00,-6.336889977906690063e-02,-5.414020873361678754e-02,1.970570594744510240e+00
8.883333333333332860e+00,1.644609559752804279e+09,-3.033654849189021396e-01,1.509542114146758207e+00,-1.589087064398452931e+00,1.509542114146758207e+00,-2.646337434851360193e-01,-2.139759431634982723e-02,1.958576453171603671e+00
8.900000000000000355e+00,1.644609559772750854e+09,-3.072623005883477476e-01,1.349293482071731276e+00,-1.762608481136238803e+00,1.349293482071731276e+00,-4.592144541421487869e-01,1.109776517231970266e-02,1.940915744148427269e+00
8.916666666666666075e+00,1.644609559788091898e+09,-3.114969228360077169e-01,1.189044849996704567e+00,-2.007115931994028379e+00,1.189044849996704567e+00,-6.456540442212034270e-01,4.325333406631406974e-02,1.917816688684024662e+00
8.933333333333333570e+00,1.644609559805402279e+09,-3.160350063575569912e-01,9.326470386766605447e-01,-2.015003269118472939e+00,9.326470386766605447e-01,-8.225890624564474729e-01,7.496725700899611877e-02,1.887937065345012932e+00
8.949999999999999289e+00,1.644609559823355198e+09,-3.208401892885059392e-01,6.762492273566165224e-01,-1.920355223625134666e+00,6.762492273566165224e-01,-9.887612647874699512e-01,1.061289476367102136e-01,1.851566840760118016e+00
8.966666666666666785e+00,1.644609559843145370e+09,-3.258743609144407749e-01,4.839508688665823399e-01,-2.125425988860700333e+00,4.839508688665823399e-01,-1.143028192093856088e+00,1.366416235580431293e-01,1.810069542784997321e+00
8.983333333333332504e+00,1.644609559859081745e+09,-3.310979404707321549e-01,3.557519632065603843e-01,-1.754721144011794465e+00,3.557519632065603843e-01,-1.284372557963789241e+00,1.664311800228016058e-01,1.764802976407618296e+00
9.000000000000000000e+00,1.644609559877055407e+09,-3.364701649478025192e-01,2.916525103765505444e-01,-1.754721144011794465e+00,2.916525103765505444e-01,-1.411910361717388929e+00,1.954460769218377136e-01,1.717117115319568121e+00
9.016666666666665719e+00,1.644609559894984484e+09,-3.419493837559062221e-01,2.275530575465407879e-01,-2.164862674482924021e+00,2.275530575465407879e-01,-1.524897654688202930e+00,2.236483365546424740e-01,1.667292445734402273e+00
9.033333333333333215e+00,1.644609559910954714e+09,-3.474933580578164483e-01,1.634536047165285888e-01,-2.188524685856259033e+00,1.634536047165285888e-01,-1.622735901221115773e+00,2.510046999200803985e-01,1.615614710760554518e+00
9.050000000000000711e+00,1.644609559928342819e+09,-3.530595625490832168e-01,6.730442547151148369e-02,-1.809932503882908161e+00,6.730442547151148369e-02,-1.704975889844327464e+00,2.774822662562841380e-01,1.561842620018137229e+00
9.066666666666666430e+00,1.644609559944307327e+09,-3.586054874538112114e-01,-2.884475377350440711e-02,-1.683735109891791204e+00,-2.884475377350440711e-02,-1.771320164471688940e+00,3.030486144311899110e-01,1.506273523205811538e+00
9.083333333333333925e+00,1.644609559960218430e+09,-3.640889385093845076e-01,-1.249939330185202979e-01,-1.667960435642902084e+00,-1.249939330185202979e-01,-1.821623960152541688e+00,3.276762580659634549e-01,1.449202248018186978e+00
9.099999999999999645e+00,1.644609559976462603e+09,-3.694683327359840619e-01,-1.890933858485313035e-01,-1.778383155385128145e+00,-1.890933858485313035e-01,-1.855894642659517313e+00,3.513470095617724498e-01,1.391448362713910480e+00
9.116666666666667140e+00,1.644609559993415833e+09,-3.747029878261247116e-01,-2.531928386785423091e-01,-1.557537715900674247e+00,-2.531928386785423091e-01,-1.874289665948272621e+00,3.740517791197620623e-01,1.333285551412140668e+00
9.133333333333332860e+00,1.644609560010167599e+09,-3.797534030452083265e-01,-3.172922915085532591e-01,-1.234156893798437293e+00,-3.172922915085532591e-01,-1.877113076088237076e+00,3.957859585466814156e-01,1.274977949191941518e+00
9.150000000000000355e+00,1.644609560026078224e+09,-3.845815296060701161e-01,-4.134414707535703504e-01,-1.486551681780671208e+00,-4.134414707535703504e-01,-1.864810604508831959e+00,4.165448171292767121e-01,1.216248222688306235e+00
9.166666666666666075e+00,1.644609560043955803e+09,-3.891510285677757253e-01,-4.775409235835813559e-01,-1.399790973411778827e+00,-4.775409235835813559e-01,-1.837963407189479925e+00,4.363278134158216082e-01,1.157873487555543646e+00
9.183333333333333570e+00,1.644609560060888290e+09,-3.934275144111239464e-01,-5.416403764135924170e-01,-1.234156893798437293e+00,-5.416403764135924170e-01,-1.797280519608966509e+00,4.551427258900211936e-01,1.100076560147634774e+00
9.199999999999999289e+00,1.644609560082851410e+09,-3.973787825593477763e-01,-5.736901028285972259e-01,-1.628523750020677507e+00,-5.736901028285972259e-01,-1.743590109731758986e+00,4.730053282032060658e-01,1.043592620958443851e+00
9.216666666666666785e+00,1.644609560095795631e+09,-4.009750192416457470e-01,-6.377895556586082870e-01,-1.202607545300658831e+00,-6.377895556586082870e-01,-1.677829622921160668e+00,4.899345625426113071e-01,9.880697336427091138e-01
9.233333333333332504e+00,1.644609560113775015e+09,-4.041889922382034817e-01,-7.018890084886192371e-01,-1.344579613540664909e+00,-7.018890084886192371e-01,-1.601034923321758008e+00,5.059478377494730506e-01,9.336743929056744440e-01
9.250000000000000000e+00,1.644609560128681898e+09,-4.069962211973973676e-01,-7.018890084886192371e-01,-1.100072162682875776e+00,-7.018890084886192371e-01,-1.514328545838322881e+00,5.210740129837772017e-01,8.816112584325879187e-01
9.266666666666665719e+00,1.644609560146120310e+09,-4.093751263774167426e-01,-7.018890084886192371e-01,-1.336692276416220349e+00,-7.018890084886192371e-01,-1.418907181265693929e+00,5.353528399427952555e-01,8.319858283109979880e-01
9.283333333333333215e+00,1.644609560164121866e+09,-4.113071548346086681e-01,-7.339387349036241570e-01,-1.525988367402894230e+00,-7.339387349036241570e-01,-1.316028524310188352e+00,5.488212136161847443e-01,7.843513336507116351e-01
9.300000000000000711e+00,1.644609560180947781e+09,-4.127768832578557201e-01,-7.339387349036241570e-01,-1.510213693154005110e+00,-7.339387349036241570e-01,-1.206997620118966719e+00,5.615173177482970512e-01,7.393062902682228099e-01
9.316666666666666430e+00,1.644609560197268486e+09,-4.137720968309893110e-01,-7.339387349036241570e-01,-1.628523750020677507e+00,-7.339387349036241570e-01,-1.093152849444734898e+00,5.734846170977667690e-01,6.968874645129471412e-01
9.333333333333333925e+00,1.644609560214174509e+09,-4.142838436921795209e-01,-7.659884613186302982e-01,-1.904580549376245324e+00,-7.659884613186302982e-01,-9.758516956736391634e-01,5.847625698970454478e-01,6.565788424304640492e-01
9.349999999999999645e+00,1.644609560230178118e+09,-4.143064647487988417e-01,-7.339387349036241570e-01,-2.030777943367362059e+00,-7.339387349036241570e-01,-8.564564386097888171e-01,5.953951974319623419e-01,6.194396286703235388e-01
9.366666666666667140e+00,1.644609560248132229e+09,-4.138375987972260917e-01,-7.659884613186302982e-01,-1.581199727274008149e+00,-7.659884613186302982e-01,-7.363199201222409007e-01,6.054261343492867153e-01,5.843702187289846472e-01
9.383333333333332860e+00,1.644609560266083717e+09,-4.128781630875957287e-01,-7.659884613186302982e-01,-1.991341257745139037e+00,-7.659884613186302982e-01,-6.167715255224130999e-01,6.148939369892351126e-01,5.518564163083521379e-01
9.400000000000000355e+00,1.644609560283562899e+09,-4.114323096624579179e-01,-7.659884613186302982e-01,-9.659874315673141476e-01,-7.659884613186302982e-01,-4.991035218658269601e-01,6.238405861081648407e-01,5.218249008030148017e-01
9.416666666666666075e+00,1.644609560298572063e+09,-4.095073579839267897e-01,-8.300879141486412482e-01,-1.581199727274008149e+00,-8.300879141486412482e-01,-3.845578902893511675e-01,6.322978255879583287e-01,4.931235645825881031e-01
9.433333333333333570e+00,1.644609560314803839e+09,-4.071137045449104708e-01,-8.300879141486412482e-01,-1.186832871051768157e+00,-8.300879141486412482e-01,-2.743137840495568636e-01,6.402959006779204154e-01,4.667187945226560220e-01
9.449999999999999289e+00,1.644609560332175016e+09,-4.042647103349463755e-01,-9.262370933936571182e-01,-1.297255590793995772e+00,-9.262370933936571182e-01,-1.694757371715700511e-01,6.478587434176324988e-01,4.408940712735234801e-01
9.466666666666666785e+00,1.644609560351146460e+09,-4.009765671985933144e-01,-9.582868198086632594e-01,-7.688040034561940406e-01,-9.582868198086632594e-01,-7.106274062562412119e-02,6.550039071548371394e-01,4.165930815290806444e-01
9.483333333333332504e+00,1.644609560368528605e+09,-3.972681442831297871e-01,-9.903365462236681793e-01,0.000000000000000000e+00,-9.903365462236681793e-01,2.000170620390417930e-02,6.617555620037604003e-01,3.936691793464946465e-01
9.500000000000000000e+00,1.644609560383490086e+09,-3.931608159210236431e-01,-1.054435999053679129e+00,0.000000000000000000e+00,-1.054435999053679129e+00,1.028984712057094963e-01,6.681309143712514942e-01,3.714348681815373143e-01
9.516666666666665719e+00,1.644609560401464224e+09,-3.886782724303121106e-01,-1.118535451883690079e+00,0.000000000000000000e+00,-1.118535451883690079e+00,1.769205060104932503e-01,6.741401364121192286e-01,3.497320637094497031e-01
9.533333333333333215e+00,1.644609560417450190e+09,-3.838463154415078238e-01,-1.086485725468685271e+00,0.000000000000000000e+00,-1.086485725468685271e+00,2.414793288888097411e-01,6.798039862683348256e-01,3.299847739102361732e-01
9.550000000000000711e+00,1.644609560436422110e+09,-3.786926394719784539e-01,-1.150585178298696221e+00,0.000000000000000000e+00,-1.150585178298696221e+00,2.961102124745469411e-01,6.851401343299087232e-01,3.104073764182598283e-01
9.566666666666666430e+00,1.644609560452718973e+09,-3.732466015671175863e-01,-1.182634904713701030e+00,0.000000000000000000e+00,-1.182634904713701030e+00,3.404760280563154939e-01,6.901543975775742412e-01,2.913571318929712439e-01
9.583333333333333925e+00,1.644609560468652487e+09,-3.675389809111985762e-01,-1.246734357543712202e+00,0.000000000000000000e+00,-1.246734357543712202e+00,3.743697119883462321e-01,6.948496159432255848e-01,2.721225027680637676e-01
9.599999999999999645e+00,1.644609560485960484e+09,-3.616017303791294046e-01,-1.310833810373723152e+00,0.000000000000000000e+00,-1.310833810373723152e+00,3.977153339052752479e-01,6.992212849139067821e-01,2.525321925229084830e-01
9.616666666666667140e+00,1.644609560501484632e+09,-3.554677220526520909e-01,-1.374933263203734102e+00,0.000000000000000000e+00,-1.374933263203734102e+00,4.105677607402098417e-01,7.032620762724601793e-01,2.324186427899630203e-01
9.633333333333332860e+00,1.644609560520263195e+09,-3.491704887607356977e-01,-1.439032716033745052e+00,0.000000000000000000e+00,-1.439032716033745052e+00,4.131109248983912963e-01,7.069619177103502183e-01,2.116201048331504686e-01
9.650000000000000355e+00,1.644609560536737442e+09,-3.427439637235598635e-01,-1.503132168863756002e+00,-5.952825867184078357e-01,-1.503132168863756002e+00,4.056547191860286894e-01,7.103081062501384046e-01,1.899826254654001789e-01
9.666666666666666075e+00,1.644609560554605961e+09,-3.362222203825764311e-01,-1.567231621693767174e+00,-6.978179693361910019e-01,-1.567231621693767174e+00,3.886305550918904839e-01,7.132854538787962717e-01,1.673619267267110744e-01
9.683333333333333570e+00,1.644609560570507526e+09,-3.296392144855980755e-01,-1.631331074523778124e+00,0.000000000000000000e+00,-1.631331074523778124e+00,3.625856346286697729e-01,7.158764634581874509e-01,1.436251598157347598e-01
9.699999999999999289e+00,1.644609560586412907e+09,-3.230285304659338275e-01,-1.663380800938784265e+00,0.000000000000000000e+00,-1.663380800938784265e+00,3.281759990246979619e-01,7.180659593895754034e-01,1.191822505191120762e-01
9.716666666666666785e+00,1.644609560603342056e+09,-3.164231341084641769e-01,-1.727480253768793883e+00,-8.555647118250864214e-01,-1.727480253768793883e+00,2.861584299833155320e-01,7.198367926301710851e-01,9.338938688209177941e-02
9.733333333333332504e+00,1.644609560622008324e+09,-3.098551334336910323e-01,-1.823629433013810974e+00,-9.896494429406480497e-01,-1.823629433013810974e+00,2.373812908742307659e-01,7.211612900379400504e-01,6.562742043866312547e-02
9.750000000000000000e+00,1.644609560637834072e+09,-3.033555496537037044e-01,-1.887728885843822146e+00,-8.476773747006416393e-01,-1.887728885843822146e+00,1.827744059690999401e-01,7.220105267230437773e-01,3.636227575564735665e-02
9.766666666666665719e+00,1.644609560655802488e+09,-2.969540999623515032e-01,-1.951828338673833096e+00,-1.123734174056209456e+00,-1.951828338673833096e+00,1.233380855781224250e-01,7.223589902905118709e-01,5.538974636584030609e-03
9.783333333333333215e+00,1.644609560674085617e+09,-2.906789938164187070e-01,-2.015927791503844269e+00,-1.399790973411778827e+00,-2.015927791503844269e+00,6.013141358598000918e-02,7.221804059169102397e-01,-2.687904728844543734e-02
9.800000000000000711e+00,1.644609560690081120e+09,-2.845567442462545449e-01,-2.080027244333855219e+00,-1.628523750020677507e+00,-2.080027244333855219e+00,-5.740078662085756900e-03,7.214480471194695266e-01,-6.090947720760370165e-02
9.816666666666666430e+00,1.644609560706961393e+09,-2.786119956038842771e-01,-2.112076970748860028e+00,-1.423452984785112729e+00,-2.112076970748860028e+00,-7.313722198220318216e-02,7.201394791387345506e-01,-9.602114577238640702e-02
9.833333333333333925e+00,1.644609560722218990e+09,-2.728673690154588272e-01,-2.144126697163866169e+00,-1.123734174056209456e+00,-2.144126697163866169e+00,-1.409003674758580738e-01,7.182367801194299295e-01,-1.322022311637438552e-01
9.849999999999999645e+00,1.644609560740171909e+09,-2.673433266539001485e-01,-2.144126697163866169e+00,-1.415565647660668169e+00,-2.144126697163866169e+00,-2.078627546567987927e-01,7.157268114815071858e-01,-1.688920867228321798e-01
9.866666666666667140e+00,1.644609560758357763e+09,-2.620580557881361239e-01,-2.144126697163866169e+00,-2.149088000234034457e+00,-2.144126697163866169e+00,-2.728639489984874822e-01,7.126014348746937399e-01,-2.060498875520579976e-01
9.883333333333332860e+00,1.644609560773320913e+09,-2.570273733986905840e-01,-2.176176423578870978e+00,-2.551342193580719453e+00,-2.176176423578870978e+00,-3.347632076634844411e-01,7.088489175606873527e-01,-2.441463640920908673e-01
9.900000000000000355e+00,1.644609560790656090e+09,-2.522646519768453333e-01,-2.144126697163866169e+00,-2.511905507958494432e+00,-2.144126697163866169e+00,-3.924526329552431858e-01,7.044631795073601488e-01,-2.820369482074155387e-01
9.916666666666666075e+00,1.644609560810050964e+09,-2.477807669477015973e-01,-2.176176423578870978e+00,-2.433032136714047056e+00,-2.176176423578870978e+00,-4.448699752394892903e-01,6.994394985514864604e-01,-3.206973738985145483e-01
9.933333333333333570e+00,1.644609560825391769e+09,-2.435840659774403949e-01,-2.144126697163866169e+00,-2.929934375554069881e+00,-2.144126697163866169e+00,-4.910109506916475186e-01,6.937748706743666061e-01,-3.589517068189865823e-01
9.949999999999999289e+00,1.644609560841507196e+09,-2.396803602436271552e-01,-2.176176423578870978e+00,-2.787962307314063803e+00,-2.176176423578870978e+00,-5.299409442059528352e-01,6.874681505351228905e-01,-3.977469428094898563e-01
9.966666666666666785e+00,1.644609560860755682e+09,-2.360729375657432683e-01,-2.144126697163866169e+00,-2.385708113967379251e+00,-2.144126697163866169e+00,-5.608059740978463825e-01,6.805203651775983964e-01,-4.358813686396605380e-01
9.983333333333332504e+00,1.644609560876886845e+09,-2.327625971129218263e-01,-2.176176423578870978e+00,-2.977258398300739017e+00,-2.176176423578870978e+00,-5.828428027818345347e-01,6.729348027401834687e-01,-4.742794599749239892e-01
1.000000000000000000e+01,1.644609560894989967e+09,-2.297477052284288002e-01,-2.144126697163866169e+00,-2.685426924696280970e+00,-2.144126697163866169e+00,-5.953880863374456656e-01,6.647172696407620540e-01,-5.117205066005244829e-01
1.001666666666666572e+01,1.644609560913915396e+09,-2.270242717372801811e-01,-2.144126697163866169e+00,-3.166554489287413343e+00,-2.144126697163866169e+00,-5.978864656955997781e-01,6.558805453962190946e-01,-5.485840017369725263e-01
1.003333333333333321e+01,1.644609560927878857e+09,-2.245860459358519912e-01,-2.112076970748860028e+00,-3.150779815038523779e+00,-2.112076970748860028e+00,-5.898975129918522242e-01,6.464400513327487330e-01,-5.841764157358473319e-01
1.005000000000000071e+01,1.644609560944833279e+09,-2.224246313018150012e-01,-2.112076970748860028e+00,-2.866835678558512068e+00,-2.112076970748860028e+00,-5.711014583292723934e-01,6.364138625317269371e-01,-6.188698674194610394e-01
1.006666666666666643e+01,1.644609560962309599e+09,-2.205296178104700078e-01,-2.112076970748860028e+00,-2.472468822336271632e+00,-2.112076970748860028e+00,-5.413036346579442881e-01,6.258183571031095127e-01,-6.524973720809570388e-01
1.008333333333333393e+01,1.644609560976668119e+09,-2.188887306007849531e-01,-2.112076970748860028e+00,-2.787962307314063803e+00,-2.112076970748860028e+00,-5.004375915824315069e-01,6.146726823494507164e-01,-6.848936066994864014e-01
1.009999999999999964e+01,1.644609560994594812e+09,-2.174879936023257077e-01,-2.112076970748860028e+00,-2.764300295940728791e+00,-2.112076970748860028e+00,-4.485668425233779733e-01,6.029987093499821205e-01,-7.158970305878884499e-01
1.011666666666666714e+01,1.644609561011545658e+09,-2.163119066138342872e-01,-2.080027244333855219e+00,-2.551342193580719453e+00,-2.080027244333855219e+00,-3.858852236471057573e-01,5.908253791680972977e-01,-7.448222415390196582e-01
1.013333333333333286e+01,1.644609561028842211e+09,-2.153436342164362638e-01,-2.080027244333855219e+00,-2.456694148087382068e+00,-2.080027244333855219e+00,-3.127158571967254552e-01,5.781840634909999332e-01,-7.720599775540986087e-01
1.015000000000000036e+01,1.644609561045748711e+09,-2.145652048101977794e-01,-2.047977517918849077e+00,-2.922047038429625321e+00,-2.047977517918849077e+00,-2.295087261682013935e-01,5.651084669713337671e-01,-7.969424851025499468e-01
1.016666666666666607e+01,1.644609561062088490e+09,-2.139577179827469311e-01,-2.047977517918849077e+00,-2.772187633065173351e+00,-2.047977517918849077e+00,-1.368368815295872842e-01,5.516343986583069903e-01,-8.198819901136638055e-01
1.018333333333333357e+01,1.644609561076468468e+09,-2.135015583535905259e-01,-2.080027244333855219e+00,-2.440919473838491616e+00,-2.080027244333855219e+00,-3.539131723944355379e-02,5.377907586653938310e-01,-8.412953261469723332e-01
1.019999999999999929e+01,1.644609561095755100e+09,-2.131766139880469646e-01,-2.080027244333855219e+00,-2.795849644438508808e+00,-2.080027244333855219e+00,7.402543796195404369e-02,5.236083000560739498e-01,-8.605462309771841900e-01
1.021666666666666679e+01,1.644609561112710714e+09,-2.129624974408294291e-01,-2.080027244333855219e+00,-2.385708113967379251e+00,-2.080027244333855219e+00,1.905069497736118223e-01,5.091237404620303497e-01,-8.775536762924780465e-01
1.023333333333333250e+01,1.644609561132634878e+09,-2.128387674714901645e-01,-2.080027244333855219e+00,-2.535567519331830333e+00,-2.080027244333855219e+00,3.130516537233458685e-01,4.943749984585542046e-01,-8.922545274658436609e-01
1.025000000000000000e+01,1.644609561146638155e+09,-2.127851494722923786e-01,-2.080027244333855219e+00,-1.888805875127355760e+00,-2.080027244333855219e+00,4.405726899896922344e-01,4.794008860269131089e-01,-9.046046576066052447e-01
1.026666666666666572e+01,1.644609561165980816e+09,-2.127817526636362200e-01,-2.080027244333855219e+00,-1.754721144011794465e+00,-2.080027244333855219e+00,5.719086998888531781e-01,4.642407840942835429e-01,-9.145798647480590793e-01
1.028333333333333321e+01,1.644609561181708813e+09,-2.128092821427810810e-01,-2.080027244333855219e+00,-1.549650378776229909e+00,-2.080027244333855219e+00,7.058354761954673817e-01,4.489343045230531626e-01,-9.221765813124684907e-01
1.030000000000000071e+01,1.644609561199030876e+09,-2.128492439180567630e-01,-2.047977517918849077e+00,-1.462889670407337528e+00,-2.047977517918849077e+00,8.410783504776888631e-01,4.335253688088475665e-01,-9.268826317222822464e-01
1.031666666666666643e+01,1.644609561215980053e+09,-2.128841411225990965e-01,-2.080027244333855219e+00,-1.620636412896232725e+00,-2.080027244333855219e+00,9.763251927994907042e-01,4.180529025603172966e-01,-9.298051996659913998e-01
1.033333333333333393e+01,1.644609561235212803e+09,-2.128976596784029340e-01,-2.080027244333855219e+00,-1.896693212251800542e+00,-2.080027244333855219e+00,1.110239892561758701e+00,4.025506268777519492e-01,-9.304660465129609426e-01
1.034999999999999964e+01,1.644609561249149799e+09,-2.128748417725647435e-01,-2.047977517918849077e+00,-1.660073098518457524e+00,-2.047977517918849077e+00,1.241476183982266113e+00,3.870599815038251457e-01,-9.284170900379772329e-01
1.036666666666666714e+01,1.644609561265772104e+09,-2.128022456121479444e-01,-2.080027244333855219e+00,-1.841481852380686846e+00,-2.080027244333855219e+00,1.368691675808622943e+00,3.716163467445943169e-01,-9.248290480875002162e-01
1.038333333333333286e+01,1.644609561283745527e+09,-2.126680900413988606e-01,-2.080027244333855219e+00,-1.589087064398452931e+00,-2.080027244333855219e+00,1.490561942360939085e+00,3.562488498844195162e-01,-9.192859729268739732e-01
1.040000000000000036e+01,1.644609561299745798e+09,-2.124623827340193782e-01,-2.080027244333855219e+00,-1.360354287789554251e+00,-2.080027244333855219e+00,1.605794531934059410e+00,3.409888879807176920e-01,-9.119298895631687829e-01
1.041666666666666607e+01,1.644609561316037416e+09,-2.121770308129062588e-01,-2.080027244333855219e+00,-1.155283522553989473e+00,-2.080027244333855219e+00,1.713142748971969720e+00,3.258653384298072497e-01,-9.029210816016230989e-01
1.043333333333333357e+01,1.644609561332369328e+09,-2.118059328989727041e-01,-2.080027244333855219e+00,-1.786270492509572927e+00,-2.080027244333855219e+00,1.811419068251393760e+00,3.109042653514610399e-01,-8.924368114579845912e-01
1.044999999999999929e+01,1.644609561350092411e+09,-2.113450517481991753e-01,-2.080027244333855219e+00,-2.267398057100706854e+00,-2.080027244333855219e+00,1.899508042566195432e+00,2.961286489093047924e-01,-8.806698483786226106e-01
1.046666666666666679e+01,1.644609561367048979e+09,-2.107924668006772029e-01,-2.080027244333855219e+00,-2.117538651736254440e+00,-2.080027244333855219e+00,1.976378570055890016e+00,2.815581406552724042e-01,-8.678268180292229017e-01
1.048333333333333250e+01,1.644609561384004116e+09,-2.101484061356894695e-01,-2.047977517918849077e+00,-2.149088000234034457e+00,-2.047977517918849077e+00,2.041095393327092111e+00,2.672132744654295289e-01,-8.535966539159093314e-01
1.050000000000000000e+01,1.644609561401374340e+09,-2.094152575014752993e-01,-1.983878065088837905e+00,-2.141200663109589897e+00,-1.983878065088837905e+00,2.092829709817944472e+00,2.531196112181237634e-01,-8.376871299231184453e-01
1.051666666666666572e+01,1.644609561418798685e+09,-2.085975582658847194e-01,-1.951828338673833096e+00,-2.227961371478482278e+00,-1.951828338673833096e+00,2.130868781381367150e+00,2.392985899723879817e-01,-8.208821012989238053e-01
1.053333333333333321e+01,1.644609561434763670e+09,-2.077019643130509352e-01,-1.887728885843822146e+00,-1.738946469762905123e+00,-1.887728885843822146e+00,2.154624440731319091e+00,2.257674660100481012e-01,-8.029027180884589221e-01
1.055000000000000071e+01,1.644609561452737808e+09,-2.067371980902413808e-01,-1.759529980183800024e+00,-1.786270492509572927e+00,-1.759529980183800024e+00,2.163640403110635546e+00,2.125524672992089303e-01,-7.829525456621725388e-01
1.056666666666666643e+01,1.644609561468295097e+09,-2.057139761865194871e-01,-1.663380800938784265e+00,-1.557537715900674247e+00,-1.663380800938784265e+00,2.157598303196369471e+00,1.996796615691291410e-01,-7.618427815611329423e-01
1.058333333333333393e+01,1.644609561486245155e+09,-2.046449169995104012e-01,-1.567231621693767174e+00,-1.415565647660668169e+00,-1.567231621693767174e+00,2.136322389743315675e+00,1.871661110824133223e-01,-7.398443849402579486e-01
1.059999999999999964e+01,1.644609561501210690e+09,-2.035444292168286096e-01,-1.406982989618740243e+00,-1.644298424269566627e+00,-1.406982989618740243e+00,2.099782823655436559e+00,1.750332488677823206e-01,-7.161648588250153491e-01
1.061666666666666714e+01,1.644609561519180536e+09,-2.024285820033163708e-01,-1.278784083958718121e+00,-1.415565647660668169e+00,-1.278784083958718121e+00,2.048097538939051887e+00,1.633023428932790788e-01,-6.916120619341732390e-01
1.063333333333333286e+01,1.644609561535235167e+09,-2.013149579427676028e-01,-1.118535451883690079e+00,-9.581000944428694766e-01,-1.118535451883690079e+00,1.981532640193677919e+00,1.519901985997251515e-01,-6.659166311687861883e-01
1.065000000000000036e+01,1.644609561553421021e+09,-2.002224899319742513e-01,-9.262370933936571182e-01,0.000000000000000000e+00,-9.262370933936571182e-01,1.900501324797889913e+00,1.411181306793869716e-01,-6.388068260583774638e-01
1.066666666666666607e+01,1.644609561568674088e+09,-1.991712833645374880e-01,-8.621376405636461682e-01,0.000000000000000000e+00,-8.621376405636461682e-01,1.805561332602187097e+00,1.306898887137276644e-01,-6.126548558920758003e-01
1.068333333333333357e+01,1.644609561586649179e+09,-1.981824250707759638e-01,-7.659884613186302982e-01,0.000000000000000000e+00,-7.659884613186302982e-01,1.697410940606476792e+00,1.206922431808448992e-01,-5.871335023710622103e-01
1.069999999999999929e+01,1.644609561604578257e+09,-1.972777805971724641e-01,-7.339387349036241570e-01,0.000000000000000000e+00,-7.339387349036241570e-01,1.576883534627772754e+00,1.111042079366471313e-01,-5.634963871314619954e-01
1.071666666666666679e+01,1.644609561620535135e+09,-1.964797815131605618e-01,-7.018890084886192371e-01,0.000000000000000000e+00,-7.018890084886192371e-01,1.444940804212821117e+00,1.018930625714020294e-01,-5.419010451708135001e-01
1.073333333333333250e+01,1.644609561639805317e+09,-1.958112045238059318e-01,-6.377895556586082870e-01,0.000000000000000000e+00,-6.377895556586082870e-01,1.302664620875552126e+00,9.302805900373507797e-02,-5.219547905161975310e-01
1.075000000000000000e+01,1.644609561653159618e+09,-1.952949442433370986e-01,-6.377895556586082870e-01,0.000000000000000000e+00,-6.377895556586082870e-01,1.151247673006407179e+00,8.447182424260717137e-02,-5.048409204659396465e-01
1.076666666666666572e+01,1.644609561673084021e+09,-1.949537815458536050e-01,-5.736901028285972259e-01,-9.896494429406480497e-01,-5.736901028285972259e-01,9.919829433735336544e-01,7.618531259719615867e-02,-4.895828614781130295e-01
1.078333333333333321e+01,1.644609561690038443e+09,-1.948101494553605428e-01,-5.416403764135924170e-01,-1.447114996158446631e+00,-5.416403764135924170e-01,8.262521268924294393e-01,6.813253038533191586e-02,-4.767865500916014798e-01
1.080000000000000071e+01,1.644609561706018209e+09,-1.948858985672536626e-01,-4.775409235835813559e-01,-1.202607545300658831e+00,-4.775409235835813559e-01,6.555130971604088419e-01,6.027652348542404670e-02,-4.659643402987465044e-01
1.081666666666666643e+01,1.644609561723247766e+09,-1.952020640070159518e-01,-4.454911971685752703e-01,-1.447114996158446631e+00,-4.454911971685752703e-01,4.812865400287719142e-01,5.257975444491314737e-02,-4.576709822105656800e-01
1.083333333333333393e+01,1.644609561740200520e+09,-1.957786359293458012e-01,-4.134414707535703504e-01,-1.604861738647343383e+00,-4.134414707535703504e-01,3.051418811180473534e-01,4.500016009247244375e-02,-4.518963810187170416e-01
1.084999999999999964e+01,1.644609561758157492e+09,-1.966343355418603001e-01,-4.134414707535703504e-01,-1.817819841007352943e+00,-4.134414707535703504e-01,1.286826415853779548e-01,3.749163886421891245e-02,-4.491338402766000271e-01
1.086666666666666714e+01,1.644609561775543690e+09,-1.977863986024107623e-01,-4.454911971685752703e-01,-1.857256526629577520e+00,-4.454911971685752703e-01,-4.646863744823499787e-02,3.000015971190170619e-02,-4.498416917012296734e-01
1.088333333333333286e+01,1.644609561790479660e+09,-1.992503682877544424e-01,-4.454911971685752703e-01,-1.604861738647343383e+00,-4.454911971685752703e-01,-2.186857566737356873e-01,2.247319409019382999e-02,-4.533843419768936456e-01
1.090000000000000036e+01,1.644609561809778929e+09,-2.010398992645991423e-01,-4.454911971685752703e-01,-1.754721144011794465e+00,-4.454911971685752703e-01,-3.863543581205491906e-01,1.486451513895500898e-02,-4.596397556138068774e-01
1.091666666666666607e+01,1.644609561826756239e+09,-2.031665747121194077e-01,-4.134414707535703504e-01,-2.149088000234034457e+00,-4.134414707535703504e-01,-5.478874121197674363e-01,7.134558992806051825e-03,-4.679319475155468977e-01
1.093333333333333357e+01,1.644609561843709946e+09,-2.056397379486770427e-01,-4.454911971685752703e-01,-2.314722079847374658e+00,-4.454911971685752703e-01,-7.017405409991309684e-01,-7.581320251556326884e-04,-4.791597854670469614e-01
1.094999999999999929e+01,1.644609561884608269e+09,-2.084663402054023063e-01,-4.454911971685752703e-01,-2.015003269118472939e+00,-4.454911971685752703e-01,-8.464270298942302428e-01,-8.856387051102670993e-03,-4.925935008921467073e-01
1.096666666666666679e+01,1.644609561886547565e+09,-2.116508059663092800e-01,-4.134414707535703504e-01,-1.841481852380686846e+00,-4.134414707535703504e-01,-9.805323776183435536e-01,-1.719077783599518364e-02,-5.074920075801194752e-01
1.098333333333333250e+01,1.644609561903551340e+09,-2.151949171597440369e-01,-4.454911971685752703e-01,-1.376128962038443593e+00,-4.454911971685752703e-01,-1.102728244540363889e+00,-2.579272375482538973e-02,-5.246937190231049097e-01
1.100000000000000000e+01,1.644609561924446344e+09,-2.190977173402487710e-01,-4.134414707535703504e-01,-1.218382219549547951e+00,-4.134414707535703504e-01,-1.211785659836380979e+00,-3.468962529581721965e-02,-5.428839363252789818e-01
1.101666666666666572e+01,1.644609561936946392e+09,-2.233554368443835536e-01,-4.454911971685752703e-01,-1.541763041651785127e+00,-4.454911971685752703e-01,-1.306587357258051973e+00,-4.390470546524397749e-02,-5.628701653962959739e-01
1.103333333333333321e+01,1.644609561956649303e+09,-2.279614397401938108e-01,-4.454911971685752703e-01,-9.028887345717556689e-01,-4.454911971685752703e-01,-1.386139116630658474e+00,-5.346111667328775491e-02,-5.838409260849061200e-01
1.105000000000000071e+01,1.644609561971533060e+09,-2.329061932187432571e-01,-4.134414707535703504e-01,-8.555647118250864214e-01,-4.134414707535703504e-01,-1.449579997584629076e+00,-6.336847982947312052e-02,-6.049839207343573610e-01
1.106666666666666643e+01,1.644609561989533901e+09,-2.381772598991708234e-01,-4.134414707535703504e-01,-8.555647118250864214e-01,-4.134414707535703504e-01,-1.496191362440698835e+00,-7.363174393381692606e-02,-6.265478705165846707e-01
1.108333333333333393e+01,1.644609562003954411e+09,-2.437593133372354393e-01,-4.134414707535703504e-01,-8.792267231984217668e-01,-4.134414707535703504e-01,-1.525404596615762332e+00,-8.425546372417497265e-02,-6.482382518490488188e-01
1.109999999999999964e+01,1.644609562023840904e+09,-2.496341768427889629e-01,-4.454911971685752703e-01,0.000000000000000000e+00,-4.454911971685752703e-01,-1.536807447278564664e+00,-9.524369567540913462e-02,-6.702883306386002715e-01
1.111666666666666714e+01,1.644609562041791439e+09,-2.557808855256241132e-01,-4.134414707535703504e-01,-6.110572609672985100e-01,-4.134414707535703504e-01,-1.530148914145665229e+00,-1.065910369677946640e-01,-6.913341624278687148e-01
1.113333333333333286e+01,1.644609562056179285e+09,-2.621757713029246872e-01,-4.454911971685752703e-01,0.000000000000000000e+00,-4.454911971685752703e-01,-1.505342640138255028e+00,-1.182872357318074802e-01,-7.121518609523030952e-01
1.115000000000000036e+01,1.644609562074414015e+09,-2.687925704169176755e-01,-4.134414707535703504e-01,0.000000000000000000e+00,-4.134414707535703504e-01,-1.462468763985758979e+00,-1.303171723016152417e-01,-7.313870949614841299e-01
1.116666666666666607e+01,1.644609562090418339e+09,-2.756025528294098192e-01,-4.454911971685752703e-01,0.000000000000000000e+00,-4.454911971685752703e-01,-1.401774211623462607e+00,-1.426610828871373859e-01,-7.498309411891626031e-01
1.118333333333333357e+01,1.644609562107374907e+09,-2.825746726823751831e-01,-4.134414707535703504e-01,5.550632978828368147e-01,-4.134414707535703504e-01,-1.323671418243920872e+00,-1.552946291155466452e-01,-7.661492764440448466e-01
1.119999999999999929e+01,1.644609562125805616e+09,-2.896757388420413970e-01,-4.454911971685752703e-01,5.971901362886745668e-01,-4.454911971685752703e-01,-1.228735487979417451e+00,-1.681892078277420488e-01,-7.811584758176493004e-01
1.121666666666666679e+01,1.644609562142810106e+09,-2.968706043791918825e-01,-4.454911971685752703e-01,0.000000000000000000e+00,-4.454911971685752703e-01,-1.117699813268357101e+00,-1.813165304819295276e-01,-7.940843366707440731e-01
1.123333333333333250e+01,1.644609562157470465e+09,-3.041223736822833978e-01,-4.454911971685752703e-01,0.000000000000000000e+00,-4.454911971685752703e-01,-9.914501908434533162e-01,-1.946400611631403377e-01,-8.047098291230670997e-01
1.125000000000000000e+01,1.644609562176419497e+09,-3.113926257534100905e-01,-4.134414707535703504e-01,0.000000000000000000e+00,-4.134414707535703504e-01,-8.510174858302503864e-01,-2.081153924274112277e-01,-8.123088138018599302e-01
1.126666666666666572e+01,1.644609562193377495e+09,-3.186416521015896786e-01,-4.134414707535703504e-01,0.000000000000000000e+00,-4.134414707535703504e-01,-6.975689095165444886e-01,-2.216951294668463024e-01,-8.172459164335934556e-01
1.128333333333333321e+01,1.644609562211663008e+09,-3.258287075242044528e-01,-4.454911971685752703e-01,0.000000000000000000e+00,-4.454911971685752703e-01,-5.323979898103869957e-01,-2.353380828694236204e-01,-8.199011161473321874e-01
1.130000000000000071e+01,1.644609562226144552e+09,-3.329122719567589872e-01,-4.134414707535703504e-01,-1.029086128562872515e+00,-4.134414707535703504e-01,-3.569133261139132429e-01,-2.489962581095380434e-01,-8.190821875216758308e-01
1.131666666666666643e+01,1.644609562244097471e+09,-3.398503214744750256e-01,-4.134414707535703504e-01,-1.139508848305100353e+00,-4.134414707535703504e-01,-1.726262321776736997e-01,-2.626154438246868228e-01,-8.152307968553811346e-01
1.133333333333333393e+01,1.644609562258953094e+09,-3.466006064470813497e-01,-4.134414707535703504e-01,-9.344380830695340201e-01,-4.134414707535703504e-01,1.886261865026572782e-02,-2.761445231157741431e-01,-8.082780317660155367e-01
1.134999999999999964e+01,1.644609562276353598e+09,-3.531209347815680299e-01,-4.454911971685752703e-01,-1.289368253669551212e+00,-4.454911971685752703e-01,2.158774216118531375e-01,-2.895358982494032896e-01,-7.987135528916651239e-01
1.136666666666666714e+01,1.644609562293794632e+09,-3.593694581368975238e-01,-4.134414707535703504e-01,-8.950013974473109979e-01,-4.134414707535703504e-01,4.166822094304365454e-01,-3.027370244706941715e-01,-7.854584143590931378e-01
1.138333333333333286e+01,1.644609562310744286e+09,-3.653049589602896385e-01,-4.134414707535703504e-01,0.000000000000000000e+00,-4.134414707535703504e-01,6.194964218842404780e-01,-3.156910497225676737e-01,-7.690701399217084733e-01
1.140000000000000036e+01,1.644609562325527906e+09,-3.708871361770357811e-01,-4.454911971685752703e-01,-1.178945533927323375e+00,-4.454911971685752703e-01,8.225109300984522198e-01,-3.283505868828253682e-01,-7.501269405459528583e-01
1.141666666666666607e+01,1.644609562343466520e+09,-3.760768873648888122e-01,-4.134414707535703504e-01,-1.163170859678434255e+00,-4.134414707535703504e-01,1.023904365055304799e+00,-3.406647772117069595e-01,-7.276383686453756772e-01
1.143333333333333357e+01,1.644609562360442162e+09,-3.808365852602381141e-01,-3.813917443385642647e-01,-1.297255590793995772e+00,-3.813917443385642647e-01,1.221859596736090348e+00,-3.525754957421062818e-01,-7.017198525750175664e-01
1.144999999999999929e+01,1.644609562379392385e+09,-3.851303464760232886e-01,-3.493420179235594003e-01,-1.313030265042885114e+00,-3.493420179235594003e-01,1.414580208704752984e+00,-3.640267734917470577e-01,-6.725146049790236003e-01
1.146666666666666679e+01,1.644609562394700050e+09,-3.889242903609086421e-01,-3.172922915085532591e-01,-1.005424117189538613e+00,-3.172922915085532591e-01,1.600306812835293302e+00,-3.749652515827193722e-01,-6.401925515326055693e-01
1.148333333333333250e+01,1.644609562410650015e+09,-3.921867859948519608e-01,-2.852425650935483947e-01,-1.131621511180654238e+00,-2.852425650935483947e-01,1.777333050279281679e+00,-3.853406154446167853e-01,-6.049490129176126052e-01
1.150000000000000000e+01,1.644609562426701307e+09,-3.948886853977047195e-01,-2.531928386785423091e-01,-8.555647118250864214e-01,-2.531928386785423091e-01,1.944021127648176472e+00,-3.951060050867802320e-01,-5.670031517926219511e-01
1.151666666666666572e+01,1.644609562444991589e+09,-3.970035411240619982e-01,-1.570436594335263836e-01,-9.423254201939801344e-01,-1.570436594335263836e-01,2.098816741725278767e+00,-4.042095441913984843e-01,-5.255367279831412164e-01
1.153333333333333321e+01,1.644609562463300228e+09,-3.985078065286249416e-01,-1.570436594335263836e-01,-9.186634088206449000e-01,-1.570436594335263836e-01,2.240263251776380748e+00,-4.126081669331264634e-01,-4.824177787023656294e-01
1.155000000000000071e+01,1.644609562479279041e+09,-3.993810171109581919e-01,-1.249939330185202979e-01,0.000000000000000000e+00,-1.249939330185202979e-01,2.367014965648246871e+00,-4.202721623967948794e-01,-4.373867660282017567e-01
1.156666666666666643e+01,1.644609562496258497e+09,-3.996059514858294470e-01,-9.294420660351540575e-02,-5.558459010961847024e-01,-9.294420660351540575e-02,2.477849414253210369e+00,-4.271721254549514790e-01,-3.907383828425502470e-01
1.158333333333333393e+01,1.644609562512191772e+09,-3.991687706741317565e-01,-6.089448018850930622e-02,-7.293673178339693530e-01,-6.089448018850930622e-02,2.571678498661463586e+00,-4.332836721138148550e-01,-3.427804358758043124e-01
1.159999999999999964e+01,1.644609562532138586e+09,-3.980591345688180849e-01,3.525469905650659153e-02,-5.795079124695186046e-01,3.525469905650659153e-02,2.647558404762119011e+00,-4.385787828890249651e-01,-2.927717733702837610e-01
1.161666666666666714e+01,1.644609562546125174e+09,-3.962702945987487957e-01,9.935415188651879059e-02,0.000000000000000000e+00,9.935415188651879059e-02,2.704698192208113916e+00,-4.430305775528660672e-01,-2.415857729715321089e-01
1.163333333333333286e+01,1.644609562563085079e+09,-3.937991617900008512e-01,1.955033311315334810e-01,-6.347192723406324122e-01,1.955033311315334810e-01,2.742466977013402474e+00,-4.466178452299608970e-01,-1.890323334920216980e-01
1.165000000000000036e+01,1.644609562583029747e+09,-3.906463496071643227e-01,2.916525103765505444e-01,0.000000000000000000e+00,2.916525103765505444e-01,2.760399640599568993e+00,-4.493207239152920418e-01,-1.354619189570885618e-01
1.166666666666666607e+01,1.644609562599980831e+09,-3.868161911455774704e-01,4.198514160365725556e-01,0.000000000000000000e+00,4.198514160365725556e-01,2.758201012165078847e+00,-4.511207583095990792e-01,-8.069434409275400011e-02
1.168333333333333357e+01,1.644609562617065907e+09,-3.823167304373470410e-01,4.519011424515774755e-01,0.000000000000000000e+00,4.519011424515774755e-01,2.735748485833686239e+00,-4.520142387442039889e-01,-2.667336985339471833e-02
1.169999999999999929e+01,1.644609562634490013e+09,-3.771596878283203225e-01,4.839508688665823399e-01,-6.189445980917431811e-01,4.839508688665823399e-01,2.693093048989942062e+00,-4.520162958780861162e-01,2.627941924476279861e-02
1.171666666666666679e+01,1.644609562651394844e+09,-3.713603995781243894e-01,5.480503216965945112e-01,-6.110572609672985100e-01,5.480503216965945112e-01,2.630458713382044511e+00,-4.511429180299293407e-01,7.838119198124998688e-02
1.173333333333333250e+01,1.644609562665749788e+09,-3.649377320296088301e-01,5.801000481115994312e-01,-1.044860802811761857e+00,5.801000481115994312e-01,2.548240355819017644e+00,-4.494153029420456247e-01,1.287925836255431888e-01
1.175000000000000000e+01,1.644609562682760715e+09,-3.579139708859337410e-01,6.762492273566165224e-01,-1.021198791438427955e+00,6.762492273566165224e-01,2.446999990461550034e+00,-4.468551640371576372e-01,1.782865983509579477e-01
1.176666666666666572e+01,1.644609562699711084e+09,-3.503146863217250773e-01,8.044481330166385336e-01,-1.328804939291774234e+00,8.044481330166385336e-01,2.327461509656199468e+00,-4.434757648426537746e-01,2.271056932010013796e-01
1.178333333333333321e+01,1.644609562718636274e+09,-3.421685748376100955e-01,9.005973122616556248e-01,-1.100072162682875776e+00,9.005973122616556248e-01,2.190503944847046913e+00,-4.392950934596321910e-01,2.744433761031248586e-01
1.180000000000000071e+01,1.644609562733933926e+09,-3.335072789437403817e-01,9.646967650916654646e-01,-1.202607545300658831e+00,9.646967650916654646e-01,2.037153313172904490e+00,-4.343443264166468865e-01,3.195234436978823811e-01
1.181666666666666643e+01,1.644609562751934290e+09,-3.243651859261355019e-01,1.028796217921677636e+00,-1.044860802811761857e+00,1.028796217921677636e+00,1.868573128789605464e+00,-4.286628823259537868e-01,3.621314887190439924e-01
1.183333333333333393e+01,1.644609562767892599e+09,-3.147792071085986909e-01,1.060845944336682445e+00,-1.147396185429544913e+00,1.060845944336682445e+00,1.686053670609937161e+00,-4.222979721504445672e-01,4.015482387926451180e-01
1.184999999999999964e+01,1.644609562785313845e+09,-3.047885391713235914e-01,1.060845944336682445e+00,-1.194720208176212717e+00,1.060845944336682445e+00,1.491000109911514659e+00,-4.153085012966931111e-01,4.370895355096969248e-01
1.186666666666666714e+01,1.644609562801496744e+09,-2.944344092238566635e-01,1.156995123581699536e+00,-1.171058196802878815e+00,1.156995123581699536e+00,1.284919612007096923e+00,-4.077467682478798650e-01,4.702263813873636122e-01
1.188333333333333286e+01,1.644609562816815138e+09,-2.837598054540318437e-01,1.189044849996704567e+00,-1.368241624913998811e+00,1.189044849996704567e+00,1.069407535801422116e+00,-3.996626712234213064e-01,4.997831574595404946e-01
1.190000000000000036e+01,1.644609562834123850e+09,-2.728091952844278190e-01,1.221094576411709376e+00,-6.268319352161877411e-01,1.221094576411709376e+00,8.461328634795315384e-01,-3.911164557460299340e-01,5.256907326470031672e-01
1.191666666666666607e+01,1.644609562851434946e+09,-2.616282330635010256e-01,1.189044849996704567e+00,-5.795079124695186046e-01,1.189044849996704567e+00,6.168229997025900246e-01,-3.821781248330677894e-01,5.468501992290292213e-01
1.193333333333333357e+01,1.644609562868275404e+09,-2.502634593985087474e-01,1.189044849996704567e+00,0.000000000000000000e+00,1.189044849996704567e+00,3.832480854628960154e-01,-3.729223201835227264e-01,5.637992768371441477e-01
1.194999999999999929e+01,1.644609562886092663e+09,-2.387619943016238699e-01,1.221094576411709376e+00,0.000000000000000000e+00,1.221094576411709376e+00,1.472049761088041753e-01,-3.634145475900704692e-01,5.770964967857004080e-01
1.196666666666666679e+01,1.644609562902050495e+09,-2.271712263680980837e-01,1.221094576411709376e+00,-7.924660148295278317e-01,1.221094576411709376e+00,-8.949896403909257669e-02,-3.537196849491182071e-01,5.862615610176250547e-01
1.198333333333333250e+01,1.644609562919591904e+09,-2.155385002362525948e-01,1.221094576411709376e+00,-6.426066094650770832e-01,1.221094576411709376e+00,-3.250620966346719487e-01,-3.439058732182919687e-01,5.913816239497494687e-01
1.200000000000000000e+01,1.644609562938522339e+09,-2.039108045926502633e-01,1.189044849996704567e+00,-8.476773747006416393e-01,1.189044849996704567e+00,-5.577046200323465541e-01,-3.340439937165285422e-01,5.920420816140586906e-01
1.201666666666666572e+01,1.644609562953453302e+09,-1.923344629823409979e-01,1.221094576411709376e+00,-1.131621511180654238e+00,1.221094576411709376e+00,-7.856844035675494275e-01,-3.241982597670216570e-01,5.894531838786211120e-01
1.203333333333333321e+01,1.644609562969738960e+09,-1.808548296632515595e-01,1.189044849996704567e+00,-1.092184825558430994e+00,1.189044849996704567e+00,-1.007312396194065984e+00,-3.144303546263902960e-01,5.827141529680337495e-01
1.205000000000000071e+01,1.644609562987135887e+09,-1.695159927061372918e-01,1.189044849996704567e+00,-1.313030265042885114e+00,1.189044849996704567e+00,-1.220967464753151432e+00,-3.048033460139671913e-01,5.725551007763365341e-01
1.206666666666666643e+01,1.644609563005239248e+09,-1.583604864869432027e-01,1.221094576411709376e+00,-1.155283522553989473e+00,1.221094576411709376e+00,-1.425110523017282027e+00,-2.953680213815792488e-01,5.597195103671890326e-01
1.208333333333333393e+01,1.644609563023247480e+09,-1.474290156476390223e-01,1.221094576411709376e+00,-1.265706242296217310e+00,1.221094576411709376e+00,-1.618297819857282160e+00,-2.861715335236929558e-01,5.439029684518764673e-01
1.209999999999999964e+01,1.644609563037057877e+09,-1.367601925150244147e-01,1.221094576411709376e+00,-1.533875704527340345e+00,1.221094576411709376e+00,-1.799193263353016770e+00,-2.772614554779844198e-01,5.253579122904794563e-01
1.211666666666666714e+01,1.644609563055399418e+09,-1.263902898652811413e-01,1.221094576411709376e+00,-1.462889670407337528e+00,1.221094576411709376e+00,-1.966579667319638958e+00,-2.686810197428589064e-01,5.043527250402217721e-01
1.213333333333333286e+01,1.644609563072723389e+09,-1.163530108061155699e-01,1.221094576411709376e+00,-1.746833806887349905e+00,1.221094576411709376e+00,-2.119368817459165388e+00,-2.604688725286150031e-01,4.811693404751869463e-01
1.215000000000000036e+01,1.644609563089121819e+09,-1.066792774188583259e-01,1.221094576411709376e+00,-1.809932503882908161e+00,1.221094576411709376e+00,-2.256610266061846115e+00,-2.526588688138382555e-01,4.561007419329079493e-01
1.216666666666666607e+01,1.644609563105079174e+09,-9.739703966116214362e-02,1.189044849996704567e+00,-1.139508848305100353e+00,1.189044849996704567e+00,-2.377498776760143873e+00,-2.452843364930488712e-01,4.289186441660612359e-01
1.218333333333333357e+01,1.644609563123027086e+09,-8.853110587773199702e-02,1.221094576411709376e+00,-1.731059132638460563e+00,1.221094576411709376e+00,-2.481380354152972423e+00,-2.383690061812326899e-01,4.009985508918906816e-01
1.219999999999999929e+01,1.644609563141273499e+09,-8.010299610335747111e-02,1.189044849996704567e+00,-1.320917602167329674e+00,1.189044849996704567e+00,-2.567756807040249001e+00,-2.319315115030815000e-01,3.715825235963470807e-01
1.221666666666666679e+01,1.644609563155189037e+09,-7.213081917034938617e-02,1.189044849996704567e+00,-1.178945533927323375e+00,1.189044849996704567e+00,-2.636288808397665662e+00,-2.259896866643778812e-01,3.415199661176274160e-01
1.223333333333333250e+01,1.644609563174613476e+09,-6.462917445291907481e-02,1.221094576411709376e+00,-1.131621511180654238e+00,1.221094576411709376e+00,-2.686797429940047444e+00,-2.205473017466857144e-01,3.116492003077963036e-01
1.225000000000000000e+01,1.644609563191572428e+09,-5.760907889525619663e-02,1.221094576411709376e+00,-1.029086128562872515e+00,1.221094576411709376e+00,-2.719264144020801854e+00,-2.156031214794945639e-01,2.817355272471202543e-01
1.226666666666666572e+01,1.644609563207262039e+09,-5.107791977960284696e-02,1.221094576411709376e+00,-1.573312390149563589e+00,1.221094576411709376e+00,-2.733829300551037900e+00,-2.111553824852196726e-01,2.520755428505232487e-01
1.228333333333333321e+01,1.644609563225213766e+09,-4.503943349701648030e-02,1.221094576411709376e+00,-2.133313325985145337e+00,1.221094576411709376e+00,-2.730789101445967315e+00,-2.071974599985597076e-01,2.229560449466256589e-01
1.230000000000000071e+01,1.644609563243451595e+09,-3.949371038807129863e-02,1.189044849996704567e+00,-2.504018170834049872e+00,1.189044849996704567e+00,-2.710591109674209243e+00,-2.037224774448870290e-01,1.941219580649945764e-01
1.231666666666666643e+01,1.644609563259387016e+09,-3.443722552520467328e-02,1.156995123581699536e+00,-2.298947405598485094e+00,1.156995123581699536e+00,-2.673828344154453251e+00,-2.007234294601279168e-01,1.658423564040228948e-01
1.233333333333333393e+01,1.644609563275797606e+09,-2.986289511410092357e-02,1.156995123581699536e+00,-2.401482788216268371e+00,1.156995123581699536e+00,-2.621232025374565566e+00,-1.981845375472322812e-01,1.388995161279128199e-01
1.234999999999999964e+01,1.644609563293994188e+09,-2.576015800007636081e-02,1.156995123581699536e+00,-2.488243496585160752e+00,1.156995123581699536e+00,-2.553663049567482801e+00,-1.960816389530757320e-01,1.135188187673265570e-01
1.236666666666666714e+01,1.644609563311910152e+09,-2.211508157817286546e-02,1.124945397166692285e+00,-2.772187633065173351e+00,1.124945397166692285e+00,-2.472102281441158400e+00,-1.943914078972261983e-01,8.937597297356925097e-02
1.238333333333333286e+01,1.644609563327749729e+09,-1.891049122423851120e-02,1.092895670751687476e+00,-2.598666216327388589e+00,1.092895670751687476e+00,-2.377639766704972679e+00,-1.930916024972332279e-01,6.666376597435486051e-02
1.240000000000000036e+01,1.644609563343999624e+09,-1.612612218992647700e-02,9.967464915066702735e-01,-2.653877576198502286e+00,9.967464915066702735e-01,-2.271462975856981092e+00,-1.921658118404789284e-01,4.449270057842871773e-02
1.241666666666666607e+01,1.644609563361257315e+09,-1.373879273863419861e-02,9.005973122616556248e-01,-2.259510719976262294e+00,9.005973122616556248e-01,-2.154844199792005366e+00,-1.916036493907816718e-01,2.302642333655897239e-02
1.243333333333333357e+01,1.644609563376900673e+09,-1.172259714327403626e-02,7.723984066016336136e-01,-3.253315197656307500e+00,7.723984066016336136e-01,-2.029127225677024082e+00,-1.913966361011486261e-01,1.873929729002757338e-03
1.244999999999999929e+01,1.644609563396077633e+09,-1.004911702154369021e-02,6.762492273566165224e-01,-3.300639220402974860e+00,6.762492273566165224e-01,-1.895713428136114098e+00,-1.915340957709969483e-01,-1.831301394747386624e-02
1.246666666666666679e+01,1.644609563411659479e+09,-8.687649351176985474e-03,5.801000481115994312e-01,-2.890497689931845748e+00,5.801000481115994312e-01,-1.756047416035074527e+00,-1.919992057047188727e-01,-3.744702681247652487e-02
1.248333333333333250e+01,1.644609563431252956e+09,-7.605449387537757330e-03,4.519011424515774755e-01,-2.038665280491807064e+00,4.519011424515774755e-01,-1.611602379002267771e+00,-1.927783291296817081e-01,-5.599625733002518840e-02
1.250000000000000000e+01,1.644609563449229717e+09,-6.767986599751885449e-03,3.878016896215676357e-01,-2.275285394225151414e+00,3.878016896215676357e-01,-1.463865280234158295e+00,-1.938524922942393425e-01,-7.285648734234406732e-02
1.251666666666666572e+01,1.644609563463188410e+09,-6.139211650168715194e-03,3.237022367915554644e-01,-2.385708113967379251e+00,3.237022367915554644e-01,-1.314322043088022696e+00,-1.951935290108298138e-01,-8.802578073069472486e-02
1.253333333333333321e+01,1.644609563480226755e+09,-5.681832366016953233e-03,3.237022367915554644e-01,-2.180637348731813141e+00,3.237022367915554644e-01,-1.164442878456102060e+00,-1.967645907085165957e-01,-1.004670630607503723e-01
1.255000000000000071e+01,1.644609563498208523e+09,-5.357596592132744806e-03,2.916525103765505444e-01,-1.573312390149563589e+00,2.916525103765505444e-01,-1.015667897949940057e+00,-1.985251665652434383e-01,-1.107734103302466799e-01
1.256666666666666643e+01,1.644609563514026165e+09,-5.127579770210728694e-03,2.596027839615456800e-01,-1.352466950665109691e+00,2.596027839615456800e-01,-8.693931545254225401e-01,-2.004403145422901100e-01,-1.190214351959312938e-01
1.258333333333333393e+01,1.644609563531968594e+09,-4.952475063230026703e-03,2.916525103765505444e-01,-1.723171795514014670e+00,2.916525103765505444e-01,-7.269572473813534774e-01,-2.024676903363510638e-01,-1.242491383519503945e-01
1.259999999999999964e+01,1.644609563547945499e+09,-4.792883833943759053e-03,2.916525103765505444e-01,-1.352466950665109691e+00,2.916525103765505444e-01,-5.896286218211410635e-01,-2.045625045650918683e-01,-1.271205926472860903e-01
1.261666666666666714e+01,1.644609563567950487e+09,-4.609604293453674340e-03,2.596027839615456800e-01,-1.652185761394011188e+00,2.596027839615456800e-01,-4.585936873379745649e-01,-2.066911078723924211e-01,-1.283085043962593486e-01
1.263333333333333286e+01,1.644609563582443237e+09,-4.363916159967846931e-03,2.916525103765505444e-01,-1.147396185429544913e+00,2.916525103765505444e-01,-3.349458685464015151e-01,-2.088178406112465024e-01,-1.269033276269027621e-01
1.265000000000000036e+01,1.644609563598399639e+09,-4.017859208536190413e-03,2.916525103765505444e-01,-1.107959499807320336e+00,2.916525103765505444e-01,-2.196756938262967029e-01,-2.109054266469456707e-01,-1.236161279820326975e-01
1.266666666666666607e+01,1.644609563619342804e+09,-3.534503649521569812e-03,2.916525103765505444e-01,-8.319027004517525192e-01,2.916525103765505444e-01,-1.136620157656729191e-01,-2.129240373894406568e-01,-1.186310089960230796e-01
1.268333333333333357e+01,1.644609563638314247e+09,-2.878210346508952577e-03,2.916525103765505444e-01,-9.344380830695340201e-01,2.916525103765505444e-01,-1.766444579707981966e-02,-2.148469921303598484e-01,-1.121415865121127009e-01
1.269999999999999929e+01,1.644609563652257204e+09,-2.014878972302465432e-03,2.596027839615456800e-01,-8.555647118250864214e-01,2.596027839615456800e-01,6.768292706423606475e-02,-2.166553246546308875e-01,-1.048784921374119605e-01
1.271666666666666679e+01,1.644609563667191505e+09,-9.121823042726046049e-04,2.596027839615456800e-01,-9.738747686917587076e-01,2.596027839615456800e-01,1.418764766273354905e-01,-2.183333611381232664e-01,-9.650913464410490472e-02
1.273333333333333250e+01,1.644609563685249090e+09,4.602150234808838336e-04,2.596027839615456800e-01,-1.068522814185097092e+00,2.596027839615456800e-01,2.045465960178933784e-01,-2.198644082817327594e-01,-8.724226450083809314e-02
1.275000000000000000e+01,1.644609563702292442e+09,2.130454864738728915e-03,2.596027839615456800e-01,-1.518101030278449670e+00,2.596027839615456800e-01,2.554598412870408009e-01,-2.212352553715084269e-01,-7.728704032358599263e-02
1.276666666666666572e+01,1.644609563721525431e+09,4.124302415542249745e-03,2.916525103765505444e-01,-2.377820776842933359e+00,2.916525103765505444e-01,2.945196475188471830e-01,-2.224317353947298237e-01,-6.632102433544129205e-02
1.278333333333333321e+01,1.644609563737504005e+09,6.464982840165771349e-03,2.916525103765505444e-01,-2.346271428345154675e+00,2.916525103765505444e-01,3.217656172833471828e-01,-2.234431998894766680e-01,-5.508592437969615785e-02
1.280000000000000071e+01,1.644609563756685972e+09,9.173038770007121978e-03,2.596027839615456800e-01,-2.212186697229592713e+00,2.596027839615456800e-01,3.373713957167445709e-01,-2.242712357622065611e-01,-4.430831884566141521e-02
1.281666666666666643e+01,1.644609563770649433e+09,1.226620960817564193e-02,2.916525103765505444e-01,-1.825707178131797503e+00,2.916525103765505444e-01,3.416411607719118670e-01,-2.249161170180057345e-01,-3.310854307072121083e-02
1.283333333333333393e+01,1.644609563788600683e+09,1.575933339733679578e-02,3.237022367915554644e-01,-1.983453920620692923e+00,3.237022367915554644e-01,3.350047711261747718e-01,-2.253723721600858765e-01,-2.167383779667891169e-02
1.284999999999999964e+01,1.644609563807556391e+09,1.966427182777302773e-02,3.557519632065603843e-01,-1.699509784140680546e+00,3.557519632065603843e-01,3.180116277230319310e-01,-2.256375486253716089e-01,-1.017926814923330973e-02
1.286666666666666714e+01,1.644609563824484825e+09,2.398985877823172491e-02,4.198514160365725556e-01,-1.849369189505131184e+00,4.198514160365725556e-01,2.913233178232275122e-01,-2.257075693198331290e-01,1.743664776224892327e-03
1.288333333333333286e+01,1.644609563840462208e+09,2.874187259527761357e-02,5.160005952815897023e-01,-1.660073098518457524e+00,5.160005952815897023e-01,2.557051226220703466e-01,-2.255721606972625470e-01,1.447001811871529917e-02
1.290000000000000036e+01,1.644609563857693672e+09,3.392303212912788080e-02,5.801000481115994312e-01,-1.873031200878466862e+00,5.801000481115994312e-01,2.120164808315743166e-01,-2.252235848045190114e-01,2.732338437502465980e-02
1.291666666666666607e+01,1.644609563873655796e+09,3.953301635673985015e-02,7.082989537716214423e-01,-1.589087064398452931e+00,7.082989537716214423e-01,1.612005110160623644e-01,-2.246518732844870747e-01,4.124333060145411040e-02
1.293333333333333357e+01,1.644609563889991999e+09,4.556850723775722478e-02,8.044481330166385336e-01,-1.265706242296217310e+00,8.044481330166385336e-01,1.042727048052083938e-01,-2.238446680149859258e-01,5.558147262898375379e-02
1.294999999999999929e+01,1.644609563909917831e+09,5.202325526732632516e-02,9.005973122616556248e-01,-1.115846836931764896e+00,9.005973122616556248e-01,4.230891129622738056e-02,-2.227957524004884060e-01,7.024766074045095399e-02
1.296666666666666679e+01,1.644609563927195787e+09,5.888816701299803835e-02,1.028796217921677636e+00,-8.319027004517525192e-01,1.028796217921677636e+00,-2.356726008340051526e-02,-2.214958179715303399e-01,8.570154227546417092e-02
1.298333333333333250e+01,1.644609563943486691e+09,6.615141375257654888e-02,1.124945397166692285e+00,-8.161280262028632881e-01,1.124945397166692285e+00,-9.219748531820876059e-02,-2.199366524164916570e-01,1.013548419179002014e-01
1.300000000000000000e+01,1.644609563963768244e+09,7.379856016708624677e-02,1.285194029241721658e+00,-9.028887345717556689e-01,1.285194029241721658e+00,-1.624020829068268945e-01,-2.181063236486635581e-01,1.182377122556536736e-01
1.301666666666666572e+01,1.644609563978754759e+09,8.181271188911627690e-02,1.381343208486736307e+00,-8.397900375761971903e-01,1.381343208486736307e+00,-2.329935421626872505e-01,-2.159934155339772177e-01,1.352639652463681341e-01
1.303333333333333321e+01,1.644609563994736433e+09,9.017468056327875014e-02,1.445442661316748589e+00,-5.873952495939631646e-01,1.445442661316748589e+00,-3.027900810577591750e-01,-2.135998750950409697e-01,1.519146344784150504e-01
1.304999999999999893e+01,1.644609564011640549e+09,9.886316494296565338e-02,1.541591840561763238e+00,-8.950013974473109979e-01,1.541591840561763238e+00,-3.706290918969769588e-01,-2.109272130863936445e-01,1.687580182808474938e-01
1.306666666666666643e+01,1.644609564028595448e+09,1.078549464276086084e-01,1.605691293391775298e+00,-5.716205753450739335e-01,1.605691293391775298e+00,-4.353803344874768166e-01,-2.079762444564745294e-01,1.853122322993333571e-01
1.308333333333333393e+01,1.644609564047569990e+09,1.171250973376063431e-01,1.669790746221785138e+00,-7.293673178339693530e-01,1.669790746221785138e+00,-4.959587392679159490e-01,-2.047511724069674688e-01,2.016510270323907672e-01
1.309999999999999964e+01,1.644609564064536810e+09,1.266472001312823614e-01,1.765939925466802229e+00,0.000000000000000000e+00,1.765939925466802229e+00,-5.513366870513861651e-01,-2.012504124915574233e-01,2.183936544239043209e-01
1.311666666666666714e+01,1.644609564080484629e+09,1.363935756900921115e-01,1.862089104711819321e+00,-6.189445980917431811e-01,1.862089104711819321e+00,-6.005556375765364052e-01,-1.974664392597306195e-01,2.356352389776655565e-01
1.313333333333333286e+01,1.644609564097411156e+09,1.463355187354427323e-01,1.958238283956836412e+00,-7.214799807095249040e-01,1.958238283956836412e+00,-6.427369858924331103e-01,-1.933900336378664153e-01,2.534838549902080906e-01
1.315000000000000036e+01,1.644609564115725040e+09,1.564435383935709190e-01,2.054387463201851283e+00,-9.896494429406480497e-01,2.054387463201851283e+00,-6.770920336570076525e-01,-1.890100813059358564e-01,2.720588264840249071e-01
1.316666666666666607e+01,1.644609564131702662e+09,1.666876018939685289e-01,2.118486916031863121e+00,-6.504939465895216433e-01,2.118486916031863121e+00,-7.029309716253315798e-01,-1.843178271387025391e-01,2.909591713902337506e-01
1.318333333333333357e+01,1.644609564149638176e+09,1.770373793724367983e-01,2.214636095276880212e+00,-7.214799807095249040e-01,2.214636095276880212e+00,-7.196707798474191176e-01,-1.793022096861529024e-01,3.108596425281751063e-01
1.319999999999999929e+01,1.644609564165939331e+09,1.874624877516869181e-01,2.246685821691885465e+00,-8.634520489495310924e-01,2.246685821691885465e+00,-7.268419632847050726e-01,-1.739542301408711356e-01,3.308423939563463478e-01
1.321666666666666679e+01,1.644609564180899620e+09,1.979327316907737722e-01,2.310785274521895083e+00,0.000000000000000000e+00,2.310785274521895083e+00,-7.240940525747183720e-01,-1.682667317748442193e-01,3.515997492894390453e-01
1.323333333333333250e+01,1.644609564198202372e+09,2.084183396291414692e-01,2.310785274521895083e+00,0.000000000000000000e+00,2.310785274521895083e+00,-7.111998124053613424e-01,-1.622343635439889575e-01,3.722271387605260440e-01
1.325000000000000000e+01,1.644609564217154264e+09,2.188901930014543196e-01,2.374884727351907365e+00,0.000000000000000000e+00,2.374884727351907365e+00,-6.880581132740246630e-01,-1.558490047625020747e-01,3.939555568803372321e-01
1.326666666666666572e+01,1.644609564233132362e+09,2.293200467652455610e-01,2.406934453766912174e+00,0.000000000000000000e+00,2.406934453766912174e+00,-6.546954361689899526e-01,-1.490954720251578269e-01,4.164060077696249973e-01
1.328333333333333321e+01,1.644609564250013351e+09,2.396807394641942979e-01,2.406934453766912174e+00,-6.110572609672985100e-01,2.406934453766912174e+00,-6.112659937825264400e-01,-1.419648674775519370e-01,4.392032108884255659e-01
1.329999999999999893e+01,1.644609564266958475e+09,2.499463911447249720e-01,2.406934453766912174e+00,0.000000000000000000e+00,2.406934453766912174e+00,-5.580504661049420223e-01,-1.344501081504667905e-01,4.625031846890398923e-01
1.331666666666666643e+01,1.644609564286329508e+09,2.600925875521296060e-01,2.438984180181916983e+00,0.000000000000000000e+00,2.438984180181916983e+00,-4.954533625132135910e-01,-1.265371614633255259e-01,4.869824182963770065e-01
1.333333333333333393e+01,1.644609564302219629e+09,2.700965491531567286e-01,2.438984180181916983e+00,0.000000000000000000e+00,2.438984180181916983e+00,-4.239990366131132227e-01,-1.182097393262086099e-01,5.122380818854068707e-01
1.334999999999999964e+01,1.644609564320197344e+09,2.799372836646200069e-01,2.438984180181916983e+00,0.000000000000000000e+00,2.438984180181916983e+00,-3.443263939777089222e-01,-1.094538733623094673e-01,5.383931790249112392e-01
1.336666666666666714e+01,1.644609564338148832e+09,2.895957209102782981e-01,2.471033906596921792e+00,0.000000000000000000e+00,2.471033906596921792e+00,-2.571823464068845322e-01,-1.002492385642822781e-01,5.660860702300513081e-01
1.338333333333333286e+01,1.644609564354128599e+09,2.990548289804784154e-01,2.471033906596921792e+00,0.000000000000000000e+00,2.471033906596921792e+00,-1.634140792780401918e-01,-9.057392921561047139e-02,5.948710913366942465e-01
1.340000000000000036e+01,1.644609564371647120e+09,3.082997108291460342e-01,2.503083633011929265e+00,0.000000000000000000e+00,2.503083633011929265e+00,-6.396021083481384650e-02,-8.040468197450109655e-02,6.253539011318701712e-01
1.341666666666666607e+01,1.644609564387996912e+09,3.173176806095562297e-01,2.535133359426934074e+00,-6.031699238428525067e-01,2.535133359426934074e+00,4.015906625413212527e-02,-6.971279047366270298e-02,6.575835500590495597e-01
1.343333333333333357e+01,1.644609564406847000e+09,3.260983192225594407e-01,2.535133359426934074e+00,0.000000000000000000e+00,2.535133359426934074e+00,1.478527601565434724e-01,-5.847331502582496510e-02,6.910605099376031513e-01
1.344999999999999929e+01,1.644609564422784090e+09,3.346335087270034814e-01,2.503083633011929265e+00,-6.583812837139663143e-01,2.503083633011929265e+00,2.579706614859400560e-01,-4.666973128580751556e-02,7.252744977725501530e-01
1.346666666666666679e+01,1.644609564439737082e+09,3.429174454408457362e-01,2.535133359426934074e+00,0.000000000000000000e+00,2.535133359426934074e+00,3.693156123352532294e-01,-3.428083432390560681e-02,7.612930836733513562e-01
1.348333333333333250e+01,1.644609564458707094e+09,3.509466317410727676e-01,2.535133359426934074e+00,-8.555647118250864214e-01,2.535133359426934074e+00,4.806563365580219238e-01,-2.128122406566174130e-02,7.985566350148567416e-01
1.350000000000000000e+01,1.644609564473646164e+09,3.587198467499107535e-01,2.535133359426934074e+00,-1.226269556673992733e+00,2.535133359426934074e+00,5.907406991365649063e-01,-7.650496571609238794e-03,8.370238084968625314e-01
1.351666666666666572e+01,1.644609564492616415e+09,3.662380962722543432e-01,2.503083633011929265e+00,-1.242044230922881853e+00,2.503083633011929265e+00,6.983092578277186879e-01,6.626468074077049991e-03,8.761033920318370694e-01
1.353333333333333321e+01,1.644609564507028341e+09,3.735045425233899929e-01,2.503083633011929265e+00,-9.817621058162033787e-01,2.503083633011929265e+00,8.021089670051728682e-01,2.156369828806013397e-02,9.162527051514723908e-01
1.354999999999999893e+01,1.644609564528997898e+09,3.805244143555416292e-01,2.535133359426934074e+00,-1.092184825558430994e+00,2.535133359426934074e+00,9.009068917630069784e-01,3.718261102041157257e-02,9.579011299389532663e-01
1.356666666666666643e+01,1.644609564544344187e+09,3.873048988551647254e-01,2.503083633011929265e+00,-8.713393860739770957e-01,2.503083633011929265e+00,9.935037899216867530e-01,5.349827447024721461e-02,9.998619235380112880e-01
1.358333333333333393e+01,1.644609564559330702e+09,3.938550153388181152e-01,2.535133359426934074e+00,-9.502127573184248055e-01,2.535133359426934074e+00,1.078747420597343076e+00,7.052368945132539424e-02,1.043067854890671109e+00
1.359999999999999964e+01,1.644609564577995777e+09,4.001854729228044305e-01,2.503083633011929265e+00,-7.530293292073048095e-01,2.503083633011929265e+00,1.155545440443377814e+00,8.826941632010110173e-02,1.086299279246150551e+00
1.361666666666666714e+01,1.644609564594665766e+09,4.063085129791406680e-01,2.535133359426934074e+00,-5.558459010961847024e-01,2.535133359426934074e+00,1.222877752530752593e+00,1.067434224789783059e-01,1.130458791619901371e+00
1.363333333333333286e+01,1.644609564611852169e+09,4.122377379169245848e-01,2.535133359426934074e+00,-6.583812837139663143e-01,2.535133359426934074e+00,1.279808178061506485e+00,1.259551844356489037e-01,1.174829388621371429e+00
1.365000000000000036e+01,1.644609564626840591e+09,4.179879278425682188e-01,2.535133359426934074e+00,-5.795079124695186046e-01,2.535133359426934074e+00,1.325495327657403521e+00,1.459066381852452687e-01,1.219221746323180700e+00
1.366666666666666607e+01,1.644609564645438910e+09,4.235748467539313666e-01,2.503083633011929265e+00,0.000000000000000000e+00,2.503083633011929265e+00,1.359202556770061632e+00,1.665920620037084909e-01,1.262907759001083985e+00
1.368333333333333357e+01,1.644609564663958311e+09,4.290150400111795714e-01,2.535133359426934074e+00,-7.766913405806387116e-01,2.535133359426934074e+00,1.380306898740933264e+00,1.880068937660487882e-01,1.306750264874874778e+00
1.369999999999999929e+01,1.644609564679915905e+09,4.343256249004123770e-01,2.535133359426934074e+00,-1.163170859678434255e+00,2.535133359426934074e+00,1.388306879113789361e+00,2.101474833721123370e-01,1.350000345911156696e+00
1.371666666666666679e+01,1.644609564697221994e+09,4.395240761645058392e-01,2.503083633011929265e+00,-1.391903636287332935e+00,2.503083633011929265e+00,1.382829125866767761e+00,2.329977506251245944e-01,1.391915291306122793e+00
1.373333333333333250e+01,1.644609564716170549e+09,4.446280084181851722e-01,2.503083633011929265e+00,-1.273593579420661870e+00,2.503083633011929265e+00,1.363633702177054374e+00,2.565381597067160069e-01,1.432820171144347787e+00
1.375000000000000000e+01,1.644609564732250452e+09,4.496549573913276587e-01,2.535133359426934074e+00,-1.155283522553989473e+00,2.535133359426934074e+00,1.330618101041858736e+00,2.807545335760992522e-01,1.473032988282777733e+00
1.376666666666666572e+01,1.644609564748944759e+09,4.546221619551021331e-01,2.503083633011929265e+00,-1.273593579420661870e+00,2.503083633011929265e+00,1.283819854425395590e+00,3.056246763287101542e-01,1.511277903654122179e+00
1.378333333333333321e+01,1.644609564763226986e+09,4.595463488802195573e-01,2.503083633011929265e+00,-1.273593579420661870e+00,2.503083633011929265e+00,1.223417723454008010e+00,3.311186091582472568e-01,1.547892326765684112e+00
1.379999999999999893e+01,1.644609564781680822e+09,4.644435222548899400e-01,2.503083633011929265e+00,-1.770495818260683585e+00,2.503083633011929265e+00,1.149731450399679611e+00,3.572075475857857674e-01,1.582683639728339031e+00
1.381666666666666643e+01,1.644609564795662403e+09,4.693287594525404338e-01,2.503083633011929265e+00,-2.085989303238476200e+00,2.503083633011929265e+00,1.063220067636979405e+00,3.838595868405083600e-01,1.615469995484431598e+00
1.383333333333333393e+01,1.644609564814592361e+09,4.742160154860372012e-01,2.471033906596921792e+00,-2.354158765469599235e+00,2.471033906596921792e+00,9.644787732834462224e-01,4.110354719689665037e-01,1.645552655020646293e+00
1.384999999999999964e+01,1.644609564831639767e+09,4.791179375167016197e-01,2.471033906596921792e+00,-2.433032136714047056e+00,2.471033906596921792e+00,8.542343976967530228e-01,4.386933527162512614e-01,1.673315912678256190e+00
1.386666666666666714e+01,1.644609564850615978e+09,4.840456912031056436e-01,2.438984180181916983e+00,-2.630215564825166830e+00,2.438984180181916983e+00,7.333394992559616465e-01,4.667889949615954270e-01,1.698092331756876794e+00
1.388333333333333286e+01,1.644609564866576195e+09,4.890088004774064134e-01,2.310785274521895083e+00,-1.959791909247359243e+00,2.310785274521895083e+00,6.027651417592154726e-01,4.952584135013231026e-01,1.718182086821834265e+00
1.390000000000000036e+01,1.644609564883582115e+09,4.940150022264301888e-01,2.118486916031863121e+00,-2.575004204954053133e+00,2.118486916031863121e+00,4.635924191854887688e-01,5.240141035340285525e-01,1.732461052376084609e+00
1.391666666666666607e+01,1.644609564901524305e+09,4.990701172318097179e-01,1.862089104711819321e+00,-2.322609416971820995e+00,1.862089104711819321e+00,3.170028063590749623e-01,5.529501432840221442e-01,1.739843211143939250e+00
1.393333333333333357e+01,1.644609564918520212e+09,5.041779385892117826e-01,1.637741019806780329e+00,-2.149088000234034457e+00,1.637741019806780329e+00,1.642674260954645193e-01,5.819561164296646050e-01,1.740870712096667550e+00
1.394999999999999929e+01,1.644609564934894562e+09,5.093401386820626264e-01,1.445442661316748589e+00,-1.975566583496248363e+00,1.445442661316748589e+00,6.735334572239404238e-03,6.109307539159304357e-01,1.736099041208551519e+00
1.396666666666666679e+01,1.644609564951164246e+09,5.145561956315058971e-01,1.221094576411709376e+00,-2.054439954740697516e+00,1.221094576411709376e+00,-1.541790631498480835e-01,6.397733099732896278e-01,1.725038410372223385e+00
1.398333333333333250e+01,1.644609564967756748e+09,5.198233399826411860e-01,9.646967650916654646e-01,-2.298947405598485094e+00,9.646967650916654646e-01,-3.170093464407783279e-01,6.683751458896163289e-01,1.707231364766744752e+00
1.400000000000000000e+01,1.644609564988850117e+09,5.251365222189235960e-01,7.403486801866263622e-01,-2.227961371478482278e+00,7.403486801866263622e-01,-4.802510323227845435e-01,6.966291231380054016e-01,1.683312348316086338e+00
1.401666666666666572e+01,1.644609565002975702e+09,5.304884015230948435e-01,5.801000481115994312e-01,-2.070214628989586636e+00,5.801000481115994312e-01,-6.423760130250825151e-01,7.244432274144519956e-01,1.654460311291081842e+00
1.403333333333333321e+01,1.644609565019951105e+09,5.358693560257664634e-01,3.557519632065603843e-01,-1.841481852380686846e+00,3.557519632065603843e-01,-8.018473369768501779e-01,7.517274361366326207e-01,1.619741179672729681e+00
1.404999999999999893e+01,1.644609565036883593e+09,5.412675146030231366e-01,1.634536047165285888e-01,-2.156975337358479017e+00,1.634536047165285888e-01,-9.571341884097374075e-01,7.783897794463273678e-01,1.579850826634814798e+00
1.406666666666666643e+01,1.644609565055171490e+09,5.466688101037986414e-01,-2.884475377350440711e-02,-1.660073098518457524e+00,-2.884475377350440711e-02,-1.106726918233091217e+00,8.043455710464776365e-01,1.534968840501221177e+00
1.408333333333333393e+01,1.644609565072148800e+09,5.520570537076242568e-01,-1.570436594335263836e-01,-1.699509784140680546e+00,-1.570436594335263836e-01,-1.249151977790103230e+00,8.295221499496115980e-01,1.486355667644360112e+00
1.409999999999999964e+01,1.644609565089628220e+09,5.574140299351534322e-01,-3.172922915085532591e-01,-6.268319352161877411e-01,-3.172922915085532591e-01,-1.382986607516109689e+00,8.538546048539636946e-01,1.433685231089596890e+00
1.411666666666666714e+01,1.644609565106774807e+09,5.627196116591687280e-01,-4.775409235835813559e-01,-9.738747686917587076e-01,-4.775409235835813559e-01,-1.506873134396801373e+00,8.772772491261175976e-01,1.377189019184436702e+00
1.413333333333333286e+01,1.644609565123753071e+09,5.679518942937866743e-01,-6.057398292436033671e-01,-1.218382219549547951e+00,-6.057398292436033671e-01,-1.619532735450987193e+00,8.997328256543682956e-01,1.317645566577942740e+00
1.415000000000000036e+01,1.644609565141706705e+09,5.730873481759661825e-01,-6.698392820736143172e-01,-1.194720208176212717e+00,-6.698392820736143172e-01,-1.719778529207704132e+00,9.211815360297664901e-01,1.256369892681189260e+00
1.416666666666666607e+01,1.644609565157665014e+09,5.781009879971988896e-01,-7.018890084886192371e-01,-1.139508848305100353e+00,-7.018890084886192371e-01,-1.806527863267281653e+00,9.416010400146954673e-01,1.194143440833661973e+00
1.418333333333333357e+01,1.644609565174595594e+09,5.829665579960211508e-01,-7.018890084886192371e-01,-1.076410151309541874e+00,-7.018890084886192371e-01,-1.878813673471506185e+00,9.609820470652367108e-01,1.131750722417118604e+00
1.419999999999999929e+01,1.644609565192571640e+09,5.876567314846679047e-01,-7.018890084886192371e-01,0.000000000000000000e+00,-7.018890084886192371e-01,-1.935794798890073665e+00,9.793239229274274260e-01,1.069447449765283054e+00
1.421666666666666679e+01,1.644609565209525347e+09,5.921433231570922828e-01,-7.018890084886192371e-01,0.000000000000000000e+00,-7.018890084886192371e-01,-1.976765146672558426e+00,9.966303574263150056e-01,1.007496779347042626e+00
1.423333333333333250e+01,1.644609565224650860e+09,5.963975125116636189e-01,-7.659884613186302982e-01,0.000000000000000000e+00,-7.659884613186302982e-01,-2.001161611725581935e+00,1.012900614308740010e+00,9.451073545805473985e-01
1.425000000000000000e+01,1.644609565242691755e+09,6.003900766211048845e-01,-7.659884613186302982e-01,0.000000000000000000e+00,-7.659884613186302982e-01,-2.008570668044759699e+00,1.028138641360980321e+00,8.836266753722504808e-01
1.426666666666666572e+01,1.644609565259644032e+09,6.040916303954241284e-01,-7.659884613186302982e-01,0.000000000000000000e+00,-7.659884613186302982e-01,-1.998733561247914459e+00,1.042361840874604262e+00,8.233247754825174791e-01
1.428333333333333321e+01,1.644609565277595997e+09,6.074728724115706635e-01,-7.980381877336351071e-01,0.000000000000000000e+00,-7.980381877336351071e-01,-1.971550045293550379e+00,1.055587665528484154e+00,7.639391469448512106e-01
1.429999999999999893e+01,1.644609565293724537e+09,6.105048343267643896e-01,-8.300879141486412482e-01,-7.924660148295278317e-01,-8.300879141486412482e-01,-1.927080620398137656e+00,1.067833647494332849e+00,7.057403560698896072e-01
1.431666666666666643e+01,1.644609565311684370e+09,6.131591318515607902e-01,-8.621376405636461682e-01,-8.240153633273078482e-01,-8.621376405636461682e-01,-1.865547243648200570e+00,1.079121760354796233e+00,6.489908284725620646e-01
1.433333333333333393e+01,1.644609565327103138e+09,6.154082152339463985e-01,-8.621376405636461682e-01,-8.555647118250864214e-01,-8.621376405636461682e-01,-1.787332498598446229e+00,1.089482689087985623e+00,5.944720640866711925e-01
1.434999999999999964e+01,1.644609565343322992e+09,6.172256171974341843e-01,-8.621376405636461682e-01,0.000000000000000000e+00,-8.621376405636461682e-01,-1.692977225109702166e+00,1.098955534304471904e+00,5.424139711089625004e-01
1.436666666666666714e+01,1.644609565361630201e+09,6.185861962843487438e-01,-8.621376405636461682e-01,0.000000000000000000e+00,-8.621376405636461682e-01,-1.583176625663537784e+00,1.107583100641356788e+00,4.930311670016245817e-01
1.438333333333333286e+01,1.644609565378030539e+09,6.194663735801366755e-01,-8.621376405636461682e-01,0.000000000000000000e+00,-8.621376405636461682e-01,-1.458774879247082046e+00,1.115411623451951106e+00,4.465207688608514025e-01
1.440000000000000036e+01,1.644609565396978855e+09,6.198443608356061230e-01,-8.621376405636461682e-01,-1.257818905171771195e+00,-8.621376405636461682e-01,-1.320758308487030686e+00,1.122490459917217409e+00,4.030603332447403875e-01
1.441666666666666607e+01,1.644609565410940409e+09,6.197003780610541579e-01,-8.621376405636461682e-01,-1.494439018905115768e+00,-8.621376405636461682e-01,-1.170247159879693966e+00,1.128871747240881129e+00,3.628059659136876891e-01
1.443333333333333357e+01,1.644609565428926706e+09,6.190168587389598409e-01,-8.621376405636461682e-01,-1.896693212251800542e+00,-8.621376405636461682e-01,-1.008486070579315275e+00,1.134610030918030477e+00,3.258906203841556715e-01
1.444999999999999929e+01,1.644609565447867632e+09,6.177786408897252279e-01,-8.621376405636461682e-01,-2.038665280491807064e+00,-8.621376405636461682e-01,-8.368333081301944087e-01,1.139761866367497767e+00,2.924226024564577364e-01
1.446666666666666679e+01,1.644609565462828398e+09,6.159731423271617157e-01,-8.941873669786521983e-01,-1.518101030278449670e+00,-8.941873669786521983e-01,-6.567488816377995420e-01,1.144380970764145466e+00,2.619545605828690893e-01
1.448333333333333250e+01,1.644609565477762222e+09,6.135905185563422792e-01,-8.621376405636461682e-01,-1.738946469762905123e+00,-8.621376405636461682e-01,-4.697816340442980687e-01,1.148526733457779558e+00,2.356101433124358768e-01
1.450000000000000000e+01,1.644609565496471405e+09,6.106238018950528312e-01,-8.941873669786521983e-01,-1.431340321909557289e+00,-8.941873669786521983e-01,-2.775554353001050689e-01,1.152259184888579924e+00,2.123486451769896199e-01
1.451666666666666572e+01,1.644609565513623238e+09,6.070690205405020468e-01,-8.941873669786521983e-01,-1.533875704527340345e+00,-8.941873669786521983e-01,-8.175460519990324082e-02,1.155634201681871254e+00,1.927079288473891316e-01
1.453333333333333321e+01,1.644609565530871153e+09,6.029252964540936510e-01,-8.941873669786521983e-01,-1.770495818260683585e+00,-8.941873669786521983e-01,1.158912976059658095e-01,1.158711884939257253e+00,1.766586444337917283e-01
1.454999999999999893e+01,1.644609565545496464e+09,5.981949210976635900e-01,-8.621376405636461682e-01,-2.070214628989586636e+00,-8.621376405636461682e-01,3.136231774871314215e-01,1.161556034408370630e+00,1.646725872467364460e-01
1.456666666666666643e+01,1.644609565561734915e+09,5.928834082234716307e-01,-8.941873669786521983e-01,-2.109651314611809880e+00,-8.941873669786521983e-01,5.096684466066294661e-01,1.164224722924086519e+00,1.555952500581535003e-01
1.458333333333333393e+01,1.644609565580710411e+09,5.869995230961351229e-01,-8.941873669786521983e-01,-1.723171795514014670e+00,-8.941873669786521983e-01,7.022572609820580958e-01,1.166769976716139023e+00,1.498511611661577925e-01
1.459999999999999964e+01,1.644609565598019838e+09,5.805552877060482508e-01,-8.621376405636461682e-01,-1.944017234998469901e+00,-8.621376405636461682e-01,8.896387940678520678e-01,1.169250597024800831e+00,1.478288934158993317e-01
1.461666666666666714e+01,1.644609565615306616e+09,5.735659617194716065e-01,-8.621376405636461682e-01,-1.470777007531781866e+00,-8.621376405636461682e-01,1.070097393424342958e+00,1.171722717219375820e+00,1.488227691023358834e-01
1.463333333333333286e+01,1.644609565629289389e+09,5.660499990987243324e-01,-8.621376405636461682e-01,-1.044860802811761857e+00,-8.621376405636461682e-01,1.241968466865750020e+00,1.174235003652541520e+00,1.526409964408718956e-01
1.465000000000000036e+01,1.644609565648209810e+09,5.580289805154180494e-01,-8.941873669786521983e-01,-9.581000944428694766e-01,-8.941873669786521983e-01,1.403653946797975838e+00,1.176828305187511248e+00,1.585388045695575177e-01
1.466666666666666607e+01,1.644609565664695263e+09,5.495275218689532615e-01,-8.941873669786521983e-01,-1.281480916545106430e+00,-8.941873669786521983e-01,1.553637185241085295e+00,1.179539804676155379e+00,1.668181353852873361e-01
1.468333333333333357e+01,1.644609565681049109e+09,5.405731594098845960e-01,-9.582868198086632594e-01,-1.470777007531781866e+00,-9.582868198086632594e-01,1.690497137249252546e+00,1.182398199182876697e+00,1.761632461692424767e-01
1.469999999999999929e+01,1.644609565700443029e+09,5.311962121521349722e-01,-9.903365462236681793e-01,-1.407678310536223387e+00,-9.903365462236681793e-01,1.812921697041193880e+00,1.185423537401713245e+00,1.868476604640312566e-01
1.471666666666666679e+01,1.644609565716399670e+09,5.214296224374432853e-01,-1.086485725468685271e+00,-1.044860802811761857e+00,-1.086485725468685271e+00,1.919720059073998453e+00,1.188626944325936297e+00,1.975314924332300104e-01
1.473333333333333250e+01,1.644609565733402491e+09,5.113087756889737046e-01,-1.118535451883690079e+00,-8.792267231984217668e-01,-1.118535451883690079e+00,2.009833985456551453e+00,1.192014959316382017e+00,2.089984530023318854e-01
1.475000000000000000e+01,1.644609565750335932e+09,5.008713005568844467e-01,-1.182634904713701030e+00,-8.555647118250864214e-01,-1.182634904713701030e+00,2.082347871415778595e+00,1.195593668699699741e+00,2.204149597307154540e-01
1.476666666666666572e+01,1.644609565769810438e+09,4.901568508158246074e-01,-1.214684631128707171e+00,0.000000000000000000e+00,-1.214684631128707171e+00,2.136497511903797442e+00,1.199364128792710371e+00,2.320080476506230227e-01
1.478333333333333321e+01,1.644609565787789583e+09,4.792068705213562430e-01,-1.246734357543712202e+00,0.000000000000000000e+00,-1.246734357543712202e+00,2.171677484750660803e+00,1.203326638125830295e+00,2.434612571042854834e-01
1.479999999999999893e+01,1.644609565803741932e+09,4.680643440681802603e-01,-1.310833810373723152e+00,0.000000000000000000e+00,-1.310833810373723152e+00,2.187447078912812426e+00,1.207471777015979075e+00,2.539263393564548665e-01
1.481666666666666643e+01,1.644609565821692705e+09,4.567735329165105163e-01,-1.342883536788729293e+00,0.000000000000000000e+00,-1.342883536788729293e+00,2.183534710208800966e+00,1.211784921398759707e+00,2.636240478640088369e-01
1.483333333333333393e+01,1.644609565840737104e+09,4.453797008631832366e-01,-1.374933263203734102e+00,-5.558459010961847024e-01,-1.374933263203734102e+00,2.159840781340549576e+00,1.216250655462846053e+00,2.722401057688694226e-01
1.484999999999999964e+01,1.644609565855108500e+09,4.339288298300518765e-01,-1.406982989618740243e+00,-5.479585639717400314e-01,-1.406982989618740243e+00,2.116438957828614686e+00,1.220848379032072328e+00,2.794666483364743881e-01
1.486666666666666714e+01,1.644609565871624947e+09,4.224673282232616622e-01,-1.406982989618740243e+00,0.000000000000000000e+00,-1.406982989618740243e+00,2.053575846600014909e+00,1.225556864159470294e+00,2.855347108254309707e-01
1.488333333333333286e+01,1.644609565887734652e+09,4.110417339823733696e-01,-1.406982989618740243e+00,0.000000000000000000e+00,-1.406982989618740243e+00,1.971669079210691677e+00,1.230354332534284501e+00,2.901486772771492695e-01
1.490000000000000036e+01,1.644609565904684544e+09,3.996984144874758949e-01,-1.439032716033745052e+00,0.000000000000000000e+00,-1.439032716033745052e+00,1.871303816912971651e+00,1.235209773842299796e+00,2.924977543171209948e-01
1.491666666666666607e+01,1.644609565921249151e+09,3.884832655250861633e-01,-1.503132168863756002e+00,-5.479585639717400314e-01,-1.503132168863756002e+00,1.753227709843502513e+00,1.240078879799388245e+00,2.917969073763617138e-01
1.493333333333333357e+01,1.644609565939195871e+09,3.774414115292782368e-01,-1.535181895278762143e+00,-7.135926435850801219e-01,-1.535181895278762143e+00,1.618344357362976549e+00,1.244913344895308027e+00,2.883484833151789273e-01
1.494999999999999929e+01,1.644609565954448700e+09,3.666169093132684020e-01,-1.599281348108773093e+00,0.000000000000000000e+00,-1.599281348108773093e+00,1.467705330881649450e+00,1.249661152769015793e+00,2.814077418210190196e-01
1.496666666666666679e+01,1.644609565972400188e+09,3.560524574882364401e-01,-1.599281348108773093e+00,-1.171058196802878815e+00,-1.599281348108773093e+00,1.302500834215562620e+00,1.254271422148987680e+00,2.718511305428270575e-01
1.498333333333333250e+01,1.644609565989610195e+09,3.457891137309394014e-01,-1.631331074523778124e+00,0.000000000000000000e+00,-1.631331074523778124e+00,1.124049089503694976e+00,1.258694660070014848e+00,2.589731928714650855e-01
1.500000000000000000e+01,1.644609566007127523e+09,3.358660220096405524e-01,-1.695430527353789074e+00,-7.924660148295278317e-01,-1.695430527353789074e+00,9.337845488510675418e-01,1.262869911521996125e+00,2.421038417777717500e-01
1.501666666666666572e+01,1.644609566023060083e+09,3.263201518096193743e-01,-1.727480253768793883e+00,-6.110572609672985100e-01,-1.727480253768793883e+00,7.332450430272597908e-01,1.266734211784794173e+00,2.216689546692815205e-01
1.503333333333333321e+01,1.644609566040998697e+09,3.171860513153869077e-01,-1.727480253768793883e+00,0.000000000000000000e+00,-1.727480253768793883e+00,5.240579886386966812e-01,1.270231860052257300e+00,1.981142686496500382e-01
1.504999999999999893e+01,1.644609566057298660e+09,3.084956164074981744e-01,-1.759529980183800024e+00,0.000000000000000000e+00,-1.759529980183800024e+00,3.079257841040213273e-01,1.273305904592241022e+00,1.708468208416699663e-01
1.506666666666666643e+01,1.644609566076277733e+09,3.002778772180982880e-01,-1.791579706598805055e+00,-7.688040034561940406e-01,-1.791579706598805055e+00,8.661053241503091638e-02,1.275894262965057813e+00,1.398423095657903015e-01
1.508333333333333393e+01,1.644609566093550920e+09,2.925588038621208531e-01,-1.759529980183800024e+00,0.000000000000000000e+00,-1.759529980183800024e+00,-1.380817650206957736e-01,1.277943553953811984e+00,1.061661561569612888e-01
1.509999999999999964e+01,1.644609566108303547e+09,2.853611328211244080e-01,-1.791579706598805055e+00,0.000000000000000000e+00,-1.791579706598805055e+00,-3.643173942375079188e-01,1.279400552584001094e+00,6.877753917950037155e-02
1.511666666666666714e+01,1.644609566123667002e+09,2.787042153054090088e-01,-1.791579706598805055e+00,-5.479585639717400314e-01,-1.791579706598805055e+00,-5.902513415780747952e-01,1.280208365622790723e+00,2.827254200442945453e-02
1.513333333333333286e+01,1.644609566141611099e+09,2.726038887582575287e-01,-1.791579706598805055e+00,-1.060635477060650977e+00,-1.791579706598805055e+00,-8.140437788745202852e-01,1.280315779622644312e+00,-1.526193008664632200e-02
1.515000000000000036e+01,1.644609566157837152e+09,2.670723724952318578e-01,-1.759529980183800024e+00,-8.082406890784186171e-01,-1.759529980183800024e+00,-1.033876465746924378e+00,1.279677695414457750e+00,-6.118061997730514512e-02
1.516666666666666607e+01,1.644609566175841808e+09,2.621181882927664519e-01,-1.791579706598805055e+00,0.000000000000000000e+00,-1.791579706598805055e+00,-1.247968914816594221e+00,1.278246644740357540e+00,-1.104087129934615830e-01
1.518333333333333357e+01,1.644609566194741249e+09,2.577461065550947783e-01,-1.791579706598805055e+00,-5.952825867184078357e-01,-1.791579706598805055e+00,-1.454594168111794428e+00,1.275973386075007099e+00,-1.622383522399543643e-01
1.519999999999999929e+01,1.644609566210786343e+09,2.539571184983959728e-01,-1.759529980183800024e+00,-7.766913405806387116e-01,-1.759529980183800024e+00,-1.652094036892444828e+00,1.272820606768297447e+00,-2.159459732178488356e-01
1.521666666666666679e+01,1.644609566226975679e+09,2.507484345972735285e-01,-1.791579706598805055e+00,-1.092184825558430994e+00,-1.791579706598805055e+00,-1.838893662486114078e+00,1.268749890986998752e+00,-2.723831469212987244e-01
1.523333333333333250e+01,1.644609566243080616e+09,2.481135093428959992e-01,-1.759529980183800024e+00,-1.178945533927323375e+00,-1.759529980183800024e+00,-2.013515262470240597e+00,1.263726658676251668e+00,-3.302440019881189293e-01
1.525000000000000000e+01,1.644609566260289192e+09,2.460420921657731630e-01,-1.791579706598805055e+00,-1.210494882425103391e+00,-1.791579706598805055e+00,-2.174590934575429291e+00,1.257720395974822658e+00,-3.903405833062604802e-01
1.526666666666666572e+01,1.644609566279286146e+09,2.445203041807287869e-01,-1.759529980183800024e+00,-1.376128962038443593e+00,-1.759529980183800024e+00,-2.320874399953314793e+00,1.250705046133531173e+00,-4.513319731339209273e-01
1.528333333333333321e+01,1.644609566293617249e+09,2.435307402187494308e-01,-1.791579706598805055e+00,-2.038665280491807064e+00,-1.791579706598805055e+00,-2.451251577850171781e+00,1.242659162804571338e+00,-5.139999445457774652e-01
1.529999999999999893e+01,1.644609566313577414e+09,2.430525954213852424e-01,-1.759529980183800024e+00,-2.188524685856259033e+00,-1.759529980183800024e+00,-2.564749895156940962e+00,1.233566219296880373e+00,-5.769783322937654946e-01
1.531666666666666643e+01,1.644609566328510523e+09,2.430618154898780969e-01,-1.759529980183800024e+00,-2.322609416971820995e+00,-1.759529980183800024e+00,-2.660546246652383040e+00,1.223419103159861576e+00,-6.404991532706830748e-01
1.533333333333333393e+01,1.644609566346865416e+09,2.435312695044832831e-01,-1.759529980183800024e+00,-1.778383155385128145e+00,-1.759529980183800024e+00,-2.737973534898769934e+00,1.212211385905029415e+00,-7.042498279338936795e-01
1.534999999999999964e+01,1.644609566364067554e+09,2.444309440609180040e-01,-1.759529980183800024e+00,-1.628523750020677507e+00,-1.759529980183800024e+00,-2.796525732558870381e+00,1.199941875422047888e+00,-7.679145793299566591e-01
1.536666666666666714e+01,1.644609566380188465e+09,2.457281573119356466e-01,-1.791579706598805055e+00,-1.257818905171771195e+00,-1.791579706598805055e+00,-2.835861424243700135e+00,1.186610219366794450e+00,-8.317069421220782965e-01
1.538333333333333286e+01,1.644609566400152922e+09,2.473877913536902673e-01,-1.759529980183800024e+00,-1.525988367402894230e+00,-1.759529980183800024e+00,-2.855805799733090122e+00,1.172225840295095134e+00,-8.942448260489938017e-01
1.540000000000000036e+01,1.644609566415112734e+09,2.493725412602200431e-01,-1.791579706598805055e+00,-1.494439018905115768e+00,-1.791579706598805055e+00,-2.856351085388729061e+00,1.156803298882348674e+00,-9.562877978360395659e-01
1.541666666666666607e+01,1.644609566430413723e+09,2.516431789458319912e-01,-1.759529980183800024e+00,-9.581000944428694766e-01,-1.759529980183800024e+00,-2.837655415658367986e+00,1.140362286325474983e+00,-1.016466541876535512e+00
1.543333333333333357e+01,1.644609566449740410e+09,2.541588299256632433e-01,-1.791579706598805055e+00,-1.399790973411778827e+00,-1.791579706598805055e+00,-2.800040161600804822e+00,1.122927375332869016e+00,-1.075558628687256491e+00
1.544999999999999929e+01,1.644609566465697765e+09,2.568772609497266268e-01,-1.791579706598805055e+00,-1.376128962038443593e+00,-1.791579706598805055e+00,-2.743985748197469654e+00,1.104523500318815410e+00,-1.132747511253140882e+00
1.546666666666666679e+01,1.644609566482652664e+09,2.597551764063374402e-01,-1.823629433013810974e+00,-1.660073098518457524e+00,-1.823629433013810974e+00,-2.670126006714668154e+00,1.085180151039135898e+00,-1.188300085968936104e+00
1.548333333333333250e+01,1.644609566498589277e+09,2.627485213274527442e-01,-1.855679159428816005e+00,-7.924660148295278317e-01,-1.855679159428816005e+00,-2.579241122396880748e+00,1.064926724804898583e+00,-1.241961997765127057e+00
1.550000000000000000e+01,1.644609566515005589e+09,2.658127887815627810e-01,-1.887728885843822146e+00,-8.792267231984217668e-01,-1.887728885843822146e+00,-2.472249251172162765e+00,1.043796696230526289e+00,-1.293498271474354366e+00
1.551666666666666572e+01,1.644609566533007383e+09,2.689033294098046034e-01,-1.887728885843822146e+00,-9.265507459450895711e-01,-1.887728885843822146e+00,-2.350196891703063784e+00,1.021831705909630461e+00,-1.342165377445906582e+00
1.553333333333333321e+01,1.644609566550827742e+09,2.719756608481225246e-01,-1.887728885843822146e+00,-1.218382219549547951e+00,-1.887728885843822146e+00,-2.214248110900034927e+00,9.990810963942747813e-01,-1.387781051209615146e+00
1.554999999999999893e+01,1.644609566569194078e+09,2.749857747826437993e-01,-1.887728885843822146e+00,-1.581199727274008149e+00,-1.887728885843822146e+00,-2.065672731811988960e+00,9.755970474146395954e-01,-1.430187029190910231e+00
1.556666666666666643e+01,1.644609566585540533e+09,2.778904394068756889e-01,-1.887728885843822146e+00,-1.857256526629577520e+00,-1.887728885843822146e+00,-1.905833602520191628e+00,9.514341663304471952e-01,-1.469250189579451416e+00
1.558333333333333393e+01,1.644609566601476431e+09,2.806474950878441454e-01,-1.919778612258826955e+00,-1.944017234998469901e+00,-1.919778612258826955e+00,-1.736173073188112648e+00,9.266446348690794421e-01,-1.505393186208865863e+00
1.559999999999999964e+01,1.644609566619448662e+09,2.832161411033872200e-01,-1.951828338673833096e+00,-2.661764913322946846e+00,-1.951828338673833096e+00,-1.558198815686464567e+00,9.012778673883293790e-01,-1.538526871300787358e+00
1.561666666666666714e+01,1.644609566637405872e+09,2.855572113841743920e-01,-1.919778612258826955e+00,-2.977258398300739017e+00,-1.919778612258826955e+00,-1.373469126142102814e+00,8.753933899449305445e-01,-1.567529856164070701e+00
1.563333333333333286e+01,1.644609566654682398e+09,2.876334372810041007e-01,-1.951828338673833096e+00,-2.598666216327388589e+00,-1.951828338673833096e+00,-1.183577855302544890e+00,8.490513364800922336e-01,-1.593444572598838649e+00
1.565000000000000036e+01,1.644609566670990944e+09,2.894096954799291743e-01,-1.951828338673833096e+00,-2.780074970189619687e+00,-1.951828338673833096e+00,-9.901391147199742893e-01,8.223076682836087947e-01,-1.615733695292252081e+00
1.566666666666666607e+01,1.644609566689179420e+09,2.908532393038650299e-01,-1.951828338673833096e+00,-2.377820776842933359e+00,-1.951828338673833096e+00,-7.947719084070958839e-01,7.952225775096684046e-01,-1.634425275302993752e+00
1.568333333333333357e+01,1.644609566703635931e+09,2.919339117687334006e-01,-1.951828338673833096e+00,-2.677539587571836410e+00,-1.951828338673833096e+00,-5.990848397989222418e-01,7.678555704881316890e-01,-1.649573487922669557e+00
1.569999999999999929e+01,1.644609566722585201e+09,2.926243389037998521e-01,-1.951828338673833096e+00,-2.235848708602926838e+00,-1.951828338673833096e+00,-4.046610425568818448e-01,7.402650394468395234e-01,-1.661257779901889275e+00
1.571666666666666679e+01,1.644609566738520622e+09,2.929001019986113286e-01,-1.951828338673833096e+00,-1.904580549376245324e+00,-1.951828338673833096e+00,-2.130434810025549908e-01,7.125078503593454959e-01,-1.669581787809001794e+00
1.573333333333333250e+01,1.644609566754499674e+09,2.927398876015833706e-01,-1.887728885843822146e+00,-2.125425988860700333e+00,-1.887728885843822146e+00,-2.572076178745530406e-02,6.846478040787137287e-01,-1.673612568988891436e+00
1.575000000000000000e+01,1.644609566771655798e+09,2.921256142666174838e-01,-1.791579706598805055e+00,-2.575004204954053133e+00,-1.791579706598805055e+00,1.558864071563016429e-01,6.567594986906625243e-01,-1.672985818591548712e+00
1.576666666666666572e+01,1.644609566790911674e+09,2.910425352227583584e-01,-1.631331074523778124e+00,-2.653877576198502286e+00,-1.631331074523778124e+00,3.304379812297540964e-01,6.289277953470183702e-01,-1.666835666802805038e+00
1.578333333333333321e+01,1.644609566806014299e+09,2.894793163264046676e-01,-1.439032716033745052e+00,-2.488243496585160752e+00,-1.439032716033745052e+00,4.966864463357685278e-01,6.012472677373323915e-01,-1.654860910354752024e+00
1.579999999999999893e+01,1.644609566823041916e+09,2.874280888446716364e-01,-1.278784083958718121e+00,-1.991341257745139037e+00,-1.278784083958718121e+00,6.534876769118376227e-01,5.738084565276730942e-01,-1.637843705929207472e+00
1.581666666666666643e+01,1.644609566839030504e+09,2.848844768104497049e-01,-1.118535451883690079e+00,-1.904580549376245324e+00,-1.118535451883690079e+00,7.998106835344148680e-01,5.466932587947138655e-01,-1.616040587668736261e+00
1.583333333333333393e+01,1.644609566858008862e+09,2.818475988833123447e-01,-9.582868198086632594e-01,-1.715284458389569888e+00,-9.582868198086632594e-01,9.347461601748374704e-01,5.199792058849066478e-01,-1.589718879086159609e+00
1.584999999999999964e+01,1.644609566873355865e+09,2.783200448438772900e-01,-8.621376405636461682e-01,-1.620636412896232725e+00,-8.621376405636461682e-01,1.057513753419086822e+00,4.937304494444685887e-01,-1.560213854098130959e+00
1.586666666666666714e+01,1.644609566891660213e+09,2.743078270413303876e-01,-7.339387349036241570e-01,-1.376128962038443593e+00,-7.339387349036241570e-01,1.167467988935088741e+00,4.680022620024149593e-01,-1.527260179088886227e+00
1.588333333333333286e+01,1.644609566907895565e+09,2.698203073027971577e-01,-6.057398292436033671e-01,-1.691622447016235764e+00,-6.057398292436033671e-01,1.264102804048222728e+00,4.428498050448456125e-01,-1.491135005884573150e+00
1.590000000000000036e+01,1.644609566925205946e+09,2.648700999978639836e-01,-4.775409235835813559e-01,-1.959791909247359243e+00,-4.775409235835813559e-01,1.347054649336674848e+00,4.183236089274788849e-01,-1.452116914337988174e+00
1.591666666666666607e+01,1.644609566943437815e+09,2.594729521302359121e-01,-3.172922915085532591e-01,-1.967679246371803581e+00,-3.172922915085532591e-01,1.416104136541026515e+00,3.944739959082633196e-01,-1.409953770568231457e+00
1.593333333333333357e+01,1.644609566959395885e+09,2.536476014999293205e-01,-1.890933858485313035e-01,-1.462889670407337528e+00,-1.890933858485313035e-01,1.471176224652455566e+00,3.713465918385279729e-01,-1.365458319185097302e+00
1.594999999999999929e+01,1.644609566978329182e+09,2.474156141422708399e-01,-1.249939330185202979e-01,-1.857256526629577520e+00,-1.249939330185202979e-01,1.512338950659968484e+00,3.489691717558950357e-01,-1.319958482141773581e+00
1.596666666666666679e+01,1.644609566993338108e+09,2.408012024029284881e-01,-6.089448018850930622e-02,-1.888805875127355760e+00,-6.089448018850930622e-02,1.539800725949703963e+00,3.273564443129696189e-01,-1.273697317269494977e+00
1.598333333333333250e+01,1.644609567011394501e+09,2.338310251502348502e-01,-2.884475377350440711e-02,-1.904580549376245324e+00,-2.884475377350440711e-02,1.553906233617234456e+00,3.065147216533686825e-01,-1.227437903279165132e+00
1.600000000000000000e+01,1.644609567030900002e+09,2.265339717559009813e-01,1.314038783015236689e-01,-1.486551681780671208e+00,1.314038783015236689e-01,1.555130975834897900e+00,2.864599026366252965e-01,-1.179274170026814783e+00
1.601666666666666572e+01,1.644609567047807693e+09,2.189409315920457511e-01,1.955033311315334810e-01,-1.384016299162888153e+00,1.955033311315334810e-01,1.544074533771753632e+00,2.672084864356660261e-01,-1.131029789410800790e+00
1.603333333333333144e+01,1.644609567064809561e+09,2.110845508952712557e-01,2.916525103765505444e-01,-2.204299360105148597e+00,2.916525103765505444e-01,1.521452615263965802e+00,2.487646353289914014e-01,-1.082367519543451007e+00
1.605000000000000071e+01,1.644609567080745220e+09,2.029989789366004882e-01,4.519011424515774755e-01,-2.346271428345154675e+00,4.519011424515774755e-01,1.488087977350900815e+00,2.311426260770292340e-01,-1.032412358294780841e+00
1.606666666666666643e+01,1.644609567100692272e+09,1.947196055087435096e-01,5.480503216965945112e-01,-2.401482788216268371e+00,5.480503216965945112e-01,1.444900321809447163e+00,2.143536180861606022e-01,-9.824075062454782348e-01
1.608333333333333215e+01,1.644609567114658594e+09,1.862827917989005322e-01,5.801000481115994312e-01,-2.172750011607368581e+00,5.801000481115994312e-01,1.392895271830469905e+00,1.983883613617498654e-01,-9.335589941886996979e-01
1.610000000000000142e+01,1.644609567133431196e+09,1.777255967556969907e-01,5.801000481115994312e-01,-2.433032136714047056e+00,5.801000481115994312e-01,1.333152546883298983e+00,1.832222478291132273e-01,-8.865053374061481195e-01
1.611666666666666714e+01,1.644609567150612116e+09,1.690855010825907390e-01,6.121497745266043511e-01,-2.945709049802959445e+00,6.121497745266043511e-01,1.266813460525715973e+00,1.688291267714612243e-01,-8.407961624309574500e-01
1.613333333333333286e+01,1.644609567169123411e+09,1.604001309970585765e-01,5.801000481115994312e-01,-2.772187633065173351e+00,5.801000481115994312e-01,1.195067872356991412e+00,1.551771756620327347e-01,-7.975580793137191371e-01
1.614999999999999858e+01,1.644609567187106133e+09,1.517069838850935160e-01,6.121497745266043511e-01,-1.951904572122914461e+00,6.121497745266043511e-01,1.119140730422764296e+00,1.422338268350850921e-01,-7.557598887376153485e-01
1.616666666666666785e+01,1.644609567204530001e+09,1.430431579540501486e-01,6.121497745266043511e-01,-2.417257462465157491e+00,6.121497745266043511e-01,1.040278344108802377e+00,1.299704488186529672e-01,-7.159560420772598244e-01
1.618333333333333357e+01,1.644609567220487356e+09,1.344450879439414714e-01,5.801000481115994312e-01,-2.535567519331830333e+00,5.801000481115994312e-01,9.597345298754796916e-01,1.183494190433831278e-01,-6.786711026688719839e-01
1.619999999999999929e+01,1.644609567236941814e+09,1.259482888983917692e-01,5.801000481115994312e-01,-2.874723015682956184e+00,5.801000481115994312e-01,8.787567730606543615e-01,1.073334704223077307e-01,-6.433408736949256523e-01
1.621666666666666501e+01,1.644609567254359484e+09,1.175871099219187310e-01,6.121497745266043511e-01,-2.843173667185177500e+00,6.121497745266043511e-01,7.985725484108396888e-01,9.689483076102953230e-02,-6.093901953180234088e-01
1.623333333333333428e+01,1.644609567271708488e+09,1.093944997608444769e-01,6.121497745266043511e-01,-1.762608481136238803e+00,6.121497745266043511e-01,7.203759399973319599e-01,8.700654590015660661e-02,-5.772931485484181779e-01
1.625000000000000000e+01,1.644609567291704893e+09,1.014017859415307088e-01,5.801000481115994312e-01,-1.975566583496248363e+00,5.801000481115994312e-01,6.453146977534188755e-01,7.763398433822532585e-02,-5.474970078887365643e-01
1.626666666666666572e+01,1.644609567306438684e+09,9.363846908273476544e-02,6.121497745266043511e-01,-2.038665280491807064e+00,6.121497745266043511e-01,5.744778630730555946e-01,6.874855236805949010e-02,-5.188344486252430832e-01
1.628333333333333144e+01,1.644609567323374748e+09,8.613203386968699971e-02,5.801000481115994312e-01,-1.612749075771788165e+00,5.801000481115994312e-01,5.088840897821091946e-01,6.032338426306392554e-02,-4.922595448886857294e-01
1.630000000000000071e+01,1.644609567342102528e+09,7.890777803683199365e-02,5.801000481115994312e-01,-9.817621058162033787e-01,5.801000481115994312e-01,4.494707794019685565e-01,5.232925448530488521e-02,-4.671059013190339004e-01
1.631666666666666643e+01,1.644609567358028889e+09,7.198866055556664423e-02,6.121497745266043511e-01,-9.344380830695340201e-01,6.121497745266043511e-01,3.970841410399528204e-01,4.474806892214693022e-02,-4.427041504964333019e-01
1.633333333333333215e+01,1.644609567375008106e+09,6.539517006352656148e-02,6.121497745266043511e-01,-6.189445980917431811e-01,6.121497745266043511e-01,3.524702765538654248e-01,3.756404673480907841e-02,-4.194431274577543056e-01
1.635000000000000142e+01,1.644609567391963005e+09,5.914521440478077985e-02,6.121497745266043511e-01,-1.147396185429544913e+00,6.121497745266043511e-01,3.162673809448706130e-01,3.075949507866814620e-02,-3.971649565437554430e-01
1.636666666666666714e+01,1.644609567407918930e+09,5.325403197658387655e-02,6.121497745266043511e-01,-8.319027004517525192e-01,6.121497745266043511e-01,2.889991363435060467e-01,2.431940289546064699e-02,-3.757057158460461177e-01
1.638333333333333286e+01,1.644609567426869631e+09,4.773412539984719927e-02,6.121497745266043511e-01,-6.268319352161877411e-01,6.121497745266043511e-01,2.710693655840314964e-01,1.823152429396518448e-02,-3.548975182427067110e-01
1.639999999999999858e+01,1.644609567446200132e+09,4.259521784854183174e-02,6.121497745266043511e-01,0.000000000000000000e+00,6.121497745266043511e-01,2.627579983377867912e-01,1.248642697703186526e-02,-3.345706247113668930e-01
1.641666666666666785e+01,1.644609567461131334e+09,3.784423218915489162e-02,6.121497745266043511e-01,-5.873952495939631646e-01,6.121497745266043511e-01,2.642183892290048686e-01,7.077505368195714797e-03,-3.145555670399372561e-01
1.643333333333333357e+01,1.644609567478802919e+09,3.348529289688702282e-02,6.441995009416116025e-01,-6.741559579628569887e-01,6.441995009416116025e-01,2.754760134215872291e-01,2.005385197005917809e-03,-2.941555216293608166e-01
1.644999999999999929e+01,1.644609567494754076e+09,2.951975053156873086e-02,6.762492273566165224e-01,-8.003533519539725027e-01,6.762492273566165224e-01,2.964285509846125155e-01,-2.722231182644834456e-03,-2.732166089440228873e-01
1.646666666666666501e+01,1.644609567511351824e+09,2.594622837517538555e-02,7.082989537716214423e-01,-6.426066094650770832e-01,7.082989537716214423e-01,3.268473570595968880e-01,-7.095129592397118705e-03,-2.515912720204169783e-01
1.648333333333333428e+01,1.644609567530242205e+09,2.276069065537097286e-02,7.403486801866263622e-01,-6.662686208384109854e-01,7.403486801866263622e-01,3.663803006080657010e-01,-1.110070558832256665e-02,-2.291402130112466518e-01
1.650000000000000000e+01,1.644609567547192097e+09,1.995653160749535915e-02,7.403486801866263622e-01,-1.652185761394011188e+00,7.403486801866263622e-01,4.145559404568019968e-01,-1.472854417548712450e-02,-2.062639640800249530e-01
1.651666666666666572e+01,1.644609567565502644e+09,1.752468446187185197e-02,7.082989537716214423e-01,-1.699509784140680546e+00,7.082989537716214423e-01,4.707889936221454352e-01,-1.797493141289074892e-02,-1.833661110527252114e-01
1.653333333333333144e+01,1.644609567579006195e+09,1.545374928582026949e-02,7.082989537716214423e-01,-2.030777943367362059e+00,7.082989537716214423e-01,5.343870376215931195e-01,-2.083406623582075012e-02,-1.597955430399083110e-01
1.655000000000000071e+01,1.644609567596308231e+09,1.373013846140110072e-02,7.082989537716214423e-01,-1.667960435642902084e+00,7.082989537716214423e-01,6.045583758042474276e-01,-2.329392173690883472e-02,-1.354547320458890647e-01
1.656666666666666643e+01,1.644609567612897396e+09,1.233823844191622374e-02,7.403486801866263622e-01,-1.376128962038443593e+00,7.403486801866263622e-01,6.804209827797469412e-01,-2.533655411439008145e-02,-1.097326052856349293e-01
1.658333333333333215e+01,1.644609567630872965e+09,1.126058630364474081e-02,7.403486801866263622e-01,-1.273593579420661870e+00,7.403486801866263622e-01,7.610124359165310048e-01,-2.694290580046308781e-02,-8.310356833117596431e-02
1.660000000000000142e+01,1.644609567648946762e+09,1.047805949521591652e-02,7.403486801866263622e-01,-1.857256526629577520e+00,7.403486801866263622e-01,8.453007287294592720e-01,-2.809747627877229662e-02,-5.552150770426533821e-02
1.661666666666666714e+01,1.644609567663953781e+09,9.970077086194160249e-03,7.403486801866263622e-01,-1.699509784140680546e+00,7.403486801866263622e-01,9.321958528821862044e-01,-2.878415339670329851e-02,-2.695908836852079632e-02
1.663333333333333286e+01,1.644609567683957815e+09,9.714810729876009396e-03,7.403486801866263622e-01,-1.865143863754022080e+00,7.403486801866263622e-01,1.020562027586515264e+00,-2.898653006784003214e-02,2.591800098834966259e-03
1.664999999999999858e+01,1.644609567699029922e+09,9.689403483350398846e-03,7.403486801866263622e-01,-2.038665280491807064e+00,7.403486801866263622e-01,1.109230448468182972e+00,-2.868822658811249343e-02,3.311981543002091855e-02
1.666666666666666785e+01,1.644609567715348005e+09,9.870194571470123496e-03,7.082989537716214423e-01,-2.220074034354037718e+00,7.082989537716214423e-01,1.197012422551150701e+00,-2.787764163171864776e-02,6.406442007900661761e-02
1.668333333333333357e+01,1.644609567732294083e+09,1.023294814053269525e-02,7.403486801866263622e-01,-2.480356159460716192e+00,7.403486801866263622e-01,1.282712751951509800e+00,-2.653932365227985174e-02,9.644379263520341805e-02
1.669999999999999929e+01,1.644609567750249386e+09,1.075308402291784253e-02,7.082989537716214423e-01,-1.944017234998469901e+00,7.082989537716214423e-01,1.365143226201069204e+00,-2.465886310463549780e-02,1.291207017537705504e-01
1.671666666666666501e+01,1.644609567765483379e+09,1.140590852543407058e-02,7.403486801866263622e-01,-1.794157829634018819e+00,7.403486801866263622e-01,1.443136081874653032e+00,-2.222310161966116124e-02,1.630763529698175396e-01
1.673333333333333428e+01,1.644609567783863783e+09,1.216684326206585523e-02,7.082989537716214423e-01,-2.227961371478482278e+00,7.082989537716214423e-01,1.515557288380220413e+00,-1.922052645693391251e-02,1.971380485096209667e-01
1.675000000000000000e+01,1.644609567801435471e+09,1.301165007588069369e-02,7.082989537716214423e-01,-2.472468822336271632e+00,7.082989537716214423e-01,1.581319520391335276e+00,-1.564587787462820220e-02,2.317237078300312114e-01
1.676666666666666572e+01,1.644609567818438292e+09,1.391665013493954134e-02,7.082989537716214423e-01,-2.180637348731813141e+00,7.082989537716214423e-01,1.639394680438730045e+00,-1.149155725542132592e-02,2.666976144476635446e-01
1.678333333333333144e+01,1.644609567834373951e+09,1.485893534275735395e-02,7.403486801866263622e-01,-2.645990239074057726e+00,7.403486801866263622e-01,1.688825839601819645e+00,-6.747914625447582436e-03,3.024402138141639163e-01
1.680000000000000071e+01,1.644609567849464893e+09,1.581657027474497879e-02,7.403486801866263622e-01,-2.780074970189619687e+00,7.403486801866263622e-01,1.728738470010694472e+00,-1.407986039263868158e-03,3.382517377312688756e-01
1.681666666666666643e+01,1.644609567867136002e+09,1.676878293752329108e-02,7.082989537716214423e-01,-2.929934375554069881e+00,7.082989537716214423e-01,1.758350849924703585e+00,4.523518325804362465e-03,3.734310634278060759e-01
1.683333333333333215e+01,1.644609567886085272e+09,1.769614274729921360e-02,7.403486801866263622e-01,-2.701201598945170090e+00,7.403486801866263622e-01,1.776983530425761071e+00,1.104348607912851096e-02,4.088666325180216887e-01
1.685000000000000142e+01,1.644609567904015064e+09,1.858072423587070476e-02,7.403486801866263622e-01,-2.582891542078499025e+00,7.403486801866263622e-01,1.784067762172356186e+00,1.815013074976251986e-02,4.438335952200374024e-01
1.686666666666666714e+01,1.644609567920497179e+09,1.940625511724893004e-02,7.403486801866263622e-01,-2.125425988860700333e+00,7.403486801866263622e-01,1.779152791107619258e+00,2.583404961950498679e-02,4.781413675385323692e-01
1.688333333333333286e+01,1.644609567935444593e+09,2.015824748351615486e-02,7.403486801866263622e-01,-1.770495818260683585e+00,7.403486801866263622e-01,1.761911943400017000e+00,3.408264477343642129e-02,5.115971161110449694e-01
1.689999999999999858e+01,1.644609567954384804e+09,2.082411104399987251e-02,7.082989537716214423e-01,-2.267398057100706854e+00,7.082989537716214423e-01,1.732147432102986162e+00,4.287567699886713629e-02,5.434781903168577344e-01
1.691666666666666785e+01,1.644609567974353790e+09,2.139324747623291834e-02,7.403486801866263622e-01,-2.409370125340713376e+00,7.403486801866263622e-01,1.689793830928897567e+00,5.219423385486129247e-02,5.746620086461222687e-01
1.693333333333333357e+01,1.644609567991309404e+09,2.185712511895730042e-02,7.723984066016336136e-01,-1.794157829634018819e+00,7.723984066016336136e-01,1.634920174015085159e+00,6.202506143912674130e-02,6.049531574054688443e-01
1.694999999999999929e+01,1.644609568005652666e+09,2.220933340555425461e-02,7.723984066016336136e-01,-1.731059132638460563e+00,7.723984066016336136e-01,1.567730654478645569e+00,7.234727742416957597e-02,6.336330924384306895e-01
1.696666666666666501e+01,1.644609568025667667e+09,2.244561660910564943e-02,7.723984066016336136e-01,-2.141200663109589897e+00,7.723984066016336136e-01,1.488563908774467981e+00,8.313259648907264654e-02,6.605304786297959696e-01
1.698333333333333428e+01,1.644609568040674686e+09,2.256388664662720839e-02,7.723984066016336136e-01,-1.920355223625134666e+00,7.723984066016336136e-01,1.397890888245335139e+00,9.434996644059132076e-02,6.854845969257267191e-01
1.700000000000000000e+01,1.644609568059602261e+09,2.256421486833579126e-02,7.723984066016336136e-01,-1.407678310536223387e+00,7.723984066016336136e-01,1.296311333638885399e+00,1.059657614696709049e-01,7.083472975673223981e-01
1.701666666666666572e+01,1.644609568076776743e+09,2.244880293657179615e-02,7.723984066016336136e-01,-1.486551681780671208e+00,7.723984066016336136e-01,1.184548882620092281e+00,1.179440070163223497e-01,7.289848401743663775e-01
1.703333333333333144e+01,1.644609568094778776e+09,2.222193307697883924e-02,7.723984066016336136e-01,-1.723171795514014670e+00,7.723984066016336136e-01,1.063444854286929919e+00,1.302466341899213009e-01,7.472796006822435277e-01
1.705000000000000071e+01,1.644609568111685514e+09,2.188989816000251609e-02,7.723984066016336136e-01,-1.423452984785112729e+00,7.723984066016336136e-01,9.339507682607298689e-01,1.428337613694258823e-01,7.631316264171116304e-01
1.706666666666666643e+01,1.644609568128687382e+09,2.146091224253297153e-02,7.723984066016336136e-01,-1.486551681780671208e+00,7.723984066016336136e-01,7.971196689334705265e-01,1.556640003084268642e-01,7.764600220703623545e-01
1.708333333333333215e+01,1.644609568145618916e+09,2.094500236605056909e-02,7.723984066016336136e-01,-1.738946469762905123e+00,7.723984066016336136e-01,6.540963377840232074e-01,1.686947837964610231e-01,7.872041509887558464e-01
1.710000000000000142e+01,1.644609568161818504e+09,2.035388256751382435e-02,7.723984066016336136e-01,-1.249931568047326635e+00,7.723984066016336136e-01,5.061064881948539318e-01,1.818827116834866031e-01,7.953246380150050809e-01
1.711666666666666714e+01,1.644609568179217815e+09,1.970081121145351999e-02,7.082989537716214423e-01,-1.226269556673992733e+00,7.082989537716214423e-01,3.544450478010741090e-01,1.951750584129991750e-01,7.997446913117041145e-01
1.713333333333333286e+01,1.644609568196136713e+09,1.900043289457912718e-02,6.762492273566165224e-01,-1.297255590793995772e+00,6.762492273566165224e-01,2.004636429679190757e-01,2.085147674848177313e-01,8.010168634119610998e-01
1.714999999999999858e+01,1.644609568211650610e+09,1.826860630705360797e-02,6.121497745266043511e-01,-8.792267231984217668e-01,6.121497745266043511e-01,4.555740843318262234e-02,2.218452545371122908e-01,7.986481627423296370e-01
1.716666666666666785e+01,1.644609568231832981e+09,1.752221955581749480e-02,5.480503216965945112e-01,-9.581000944428694766e-01,5.480503216965945112e-01,-1.088487476252150976e-01,2.351064103073037259e-01,7.927070332066611380e-01
1.718333333333333357e+01,1.644609568245983601e+09,1.677899456444552351e-02,4.839508688665823399e-01,-1.107959499807320336e+00,4.839508688665823399e-01,-2.613142868993366674e-01,2.482394557789074918e-01,7.832845974345115092e-01
1.719999999999999929e+01,1.644609568263990402e+09,1.605728225969870956e-02,4.198514160365725556e-01,-7.924660148295278317e-01,4.198514160365725556e-01,-4.103974518553879514e-01,2.611873171962985629e-01,7.704943020868069148e-01
1.721666666666666501e+01,1.644609568281008005e+09,1.537585033663777662e-02,3.557519632065603843e-01,-7.530293292073048095e-01,3.557519632065603843e-01,-5.546698002585780385e-01,2.738949932093787676e-01,7.544713287895263853e-01
1.723333333333333428e+01,1.644609568299961329e+09,1.475366546121433670e-02,2.275530575465407879e-01,-6.110572609672985100e-01,2.275530575465407879e-01,-6.927307175865557998e-01,2.863010568289640068e-01,7.343123041692741770e-01
1.725000000000000000e+01,1.644609568317909956e+09,1.420967182089637182e-02,1.634536047165285888e-01,-7.845786777050833827e-01,1.634536047165285888e-01,-8.232217612933305784e-01,2.983470441429409981e-01,7.112701809123505026e-01
1.726666666666666572e+01,1.644609568332845688e+09,1.376256796993464461e-02,6.730442547151148369e-02,-7.057053064606354509e-01,6.730442547151148369e-02,-9.448406920351692939e-01,3.099821004188528240e-01,6.850095201937110856e-01
1.728333333333333144e+01,1.644609568351820469e+09,1.343058393586003645e-02,3.525469905650659153e-02,-6.662686208384109854e-01,3.525469905650659153e-02,-1.056355049567843540e+00,3.211632770087732291e-01,6.568100044286017125e-01
1.730000000000000071e+01,1.644609568368721724e+09,1.323126055759216851e-02,-1.249939330185202979e-01,-1.738946469762905123e+00,-1.249939330185202979e-01,-1.156615135046929588e+00,3.318423750064084521e-01,6.247707552965423572e-01
1.731666666666666643e+01,1.644609568383711100e+09,1.318123301307347339e-02,-2.531928386785423091e-01,-1.723171795514014670e+00,-2.531928386785423091e-01,-1.244566266872114912e+00,3.419620560445560398e-01,5.896884224992171575e-01
1.733333333333333215e+01,1.644609568400941610e+09,1.329602046574677662e-02,-3.493420179235594003e-01,-1.210494882425103391e+00,-3.493420179235594003e-01,-1.319260183961763477e+00,3.514782801916810362e-01,5.523621616540034251e-01
1.735000000000000142e+01,1.644609568420897007e+09,1.358982371459833971e-02,-4.454911971685752703e-01,-1.612749075771788165e+00,-4.454911971685752703e-01,-1.379865478359488140e+00,3.603559045070429678e-01,5.130619260798404691e-01
1.736666666666666714e+01,1.644609568437816381e+09,1.407533267230384744e-02,-5.416403764135924170e-01,-1.928242560749580559e+00,-5.416403764135924170e-01,-1.425676948284134715e+00,3.685643453886184306e-01,4.720648631199695355e-01
1.738333333333333286e+01,1.644609568453773737e+09,1.476354542069032577e-02,-6.057398292436033671e-01,-1.533875704527340345e+00,-6.057398292436033671e-01,-1.456123773048376924e+00,3.760821056432845921e-01,4.301827094937703544e-01
1.739999999999999858e+01,1.644609568469763994e+09,1.566360050280377059e-02,-6.698392820736143172e-01,-1.628523750020677507e+00,-6.698392820736143172e-01,-1.470776422589629595e+00,3.828967375084630365e-01,3.876911492175378338e-01
1.741666666666666785e+01,1.644609568487709045e+09,1.678262400714040231e-02,-7.980381877336351071e-01,-1.951904572122914461e+00,-7.980381877336351071e-01,-1.469352226567850250e+00,3.889915354717262130e-01,3.438065110159165827e-01
1.743333333333333357e+01,1.644609568504664183e+09,1.812559288278679792e-02,-9.262370933936571182e-01,-2.015003269118472939e+00,-9.262370933936571182e-01,-1.451719540971697642e+00,3.943457127049366795e-01,2.988197232099502054e-01
1.744999999999999929e+01,1.644609568522615910e+09,1.969521579533582700e-02,-1.086485725468685271e+00,-2.220074034354037718e+00,-1.086485725468685271e+00,-1.417900463807066469e+00,3.989388612257510069e-01,2.524868048678733379e-01
1.746666666666666501e+01,1.644609568539987326e+09,2.149183269340790986e-02,-1.278784083958718121e+00,-2.038665280491807064e+00,-1.278784083958718121e+00,-1.368072065588998631e+00,4.027465159446630416e-01,2.045648809898326648e-01
1.748333333333333428e+01,1.644609568555943727e+09,2.351333410565357301e-02,-1.374933263203734102e+00,-2.314722079847374658e+00,-1.374933263203734102e+00,-1.302566114879554870e+00,4.057578584742966843e-01,1.569285488254775207e-01
1.750000000000000000e+01,1.644609568573118687e+09,2.575510102934171208e-02,-1.535181895278762143e+00,-1.281480916545106430e+00,-1.535181895278762143e+00,-1.221867293866269577e+00,4.079708542288952300e-01,1.087647332517951426e-01
1.751666666666666572e+01,1.644609568588623285e+09,2.820996610533959420e-02,-1.599281348108773093e+00,-9.186634088206449000e-01,-1.599281348108773093e+00,-1.126609913816002617e+00,4.093920756826263663e-01,6.191199076598442874e-02
1.753333333333333144e+01,1.644609568604580164e+09,3.086819660179625918e-02,-1.663380800938784265e+00,-8.634520489495310924e-01,-1.663380800938784265e+00,-1.017573155017646336e+00,4.100450961822204032e-01,1.657640433378324007e-02
1.755000000000000071e+01,1.644609568623531103e+09,3.371749955156887885e-02,-1.695430527353789074e+00,-1.194720208176212717e+00,-1.695430527353789074e+00,-8.956748704013449691e-01,4.099611952761208489e-01,-2.652478472270275445e-02
1.756666666666666643e+01,1.644609568640484810e+09,3.674304920766312960e-02,-1.695430527353789074e+00,-7.451419920828601384e-01,-1.695430527353789074e+00,-7.619640062449650753e-01,4.091833625880937353e-01,-6.670352759465486558e-02
1.758333333333333215e+01,1.644609568656442881e+09,3.992753679840566061e-02,-1.695430527353789074e+00,-5.479585639717400314e-01,-1.695430527353789074e+00,-6.176117071123576885e-01,4.077613717051314368e-01,-1.038322406194616687e-01
1.760000000000000142e+01,1.644609568673435688e+09,4.325124238078923572e-02,-1.695430527353789074e+00,-5.952825867184078357e-01,-1.695430527353789074e+00,-4.639011852730564600e-01,4.057469277487650849e-01,-1.378066585402093758e-01
1.761666666666666714e+01,1.644609568689788342e+09,4.669212840842743018e-02,-1.695430527353789074e+00,0.000000000000000000e+00,-1.695430527353789074e+00,-3.022164472049304607e-01,4.031932680339730402e-01,-1.685471150680626640e-01
1.763333333333333286e+01,1.644609568707718134e+09,5.022595445070115322e-02,-1.695430527353789074e+00,0.000000000000000000e+00,-1.695430527353789074e+00,-1.340299812490537423e-01,4.001547432628423939e-01,-1.959995987736460332e-01
1.764999999999999858e+01,1.644609568724035501e+09,5.382641232401826764e-02,-1.695430527353789074e+00,0.000000000000000000e+00,-1.695430527353789074e+00,3.911047903615649801e-02,3.966863830941327884e-01,-2.201365727435636299e-01
1.766666666666666785e+01,1.644609568743885994e+09,5.746528072548902355e-02,-1.695430527353789074e+00,0.000000000000000000e+00,-1.695430527353789074e+00,2.155959918959873822e-01,3.928434501039103077e-01,-2.409575486776378561e-01
1.768333333333333357e+01,1.644609568760015488e+09,6.111259829562023377e-02,-1.695430527353789074e+00,0.000000000000000000e+00,-1.695430527353789074e+00,3.937711126651691762e-01,3.886809862882898980e-01,-2.584894084401611059e-01
1.769999999999999929e+01,1.644609568775994778e+09,6.473685388083863512e-02,-1.695430527353789074e+00,0.000000000000000000e+00,-1.695430527353789074e+00,5.719491282945665667e-01,3.842533563556034815e-01,-2.727864684917950533e-01
1.771666666666666501e+01,1.644609568793936491e+09,6.830519262013531878e-02,-1.727480253768793883e+00,0.000000000000000000e+00,-1.727480253768793883e+00,7.484276765293845779e-01,3.796093653867269047e-01,-2.844600204769086038e-01
1.773333333333333428e+01,1.644609568809534788e+09,7.178363634420859007e-02,-1.791579706598805055e+00,0.000000000000000000e+00,-1.791579706598805055e+00,9.215046009802744242e-01,3.747874795976802731e-01,-2.941393864481708365e-01
1.775000000000000000e+01,1.644609568827967644e+09,7.513731665098009882e-02,-1.823629433013810974e+00,0.000000000000000000e+00,-1.823629433013810974e+00,1.089493890606891391e+00,3.698243840016043338e-01,-3.014118832255435754e-01
1.776666666666666572e+01,1.644609568844864845e+09,7.833071890967903406e-02,-1.887728885843822146e+00,0.000000000000000000e+00,-1.887728885843822146e+00,1.250741550882406683e+00,3.647545027656757255e-01,-3.069584575723052211e-01
1.778333333333333144e+01,1.644609568861267328e+09,8.132793534733967489e-02,-1.919778612258826955e+00,0.000000000000000000e+00,-1.919778612258826955e+00,1.403641254142803607e+00,3.596096365786866089e-01,-3.104158806872498455e-01
1.780000000000000071e+01,1.644609568878720999e+09,8.409292528773655573e-02,-1.951828338673833096e+00,-6.426066094650770832e-01,-1.951828338673833096e+00,1.546649618347120558e+00,3.544229498765374964e-01,-3.119821726572126197e-01
1.781666666666666643e+01,1.644609568895323753e+09,8.658978054389145085e-02,-1.983878065088837905e+00,-1.036973465687317075e+00,-1.983878065088837905e+00,1.678300966669260985e+00,3.492241316709669419e-01,-3.118763060919683139e-01
1.783333333333333215e+01,1.644609568912118435e+09,8.878299391211677549e-02,-1.983878065088837905e+00,-1.297255590793995772e+00,-1.983878065088837905e+00,1.797221424977163640e+00,3.440434886388469837e-01,-3.098066070617095935e-01
1.785000000000000142e+01,1.644609568930074215e+09,9.063772867844110959e-02,-2.015927791503844269e+00,-1.391903636287332935e+00,-2.015927791503844269e+00,1.902142220290599983e+00,3.389071197110987144e-01,-3.065666643208487252e-01
1.786666666666666714e+01,1.644609568946839094e+09,9.212008702759530432e-02,-2.080027244333855219e+00,-2.054439954740697516e+00,-2.080027244333855219e+00,1.991912050684713664e+00,3.338278479318814163e-01,-3.029559791024504234e-01
1.788333333333333286e+01,1.644609568964840651e+09,9.319737524079184376e-02,-2.144126697163866169e+00,-1.928242560749580559e+00,-2.144126697163866169e+00,2.065508405753930798e+00,3.288095672468693831e-01,-2.992480032742706464e-01
1.789999999999999858e+01,1.644609568983766079e+09,9.383836358107436326e-02,-2.176176423578870978e+00,-2.606553553451833150e+00,-2.176176423578870978e+00,2.122047726585964966e+00,3.238559565265226037e-01,-2.951965375038056449e-01
1.791666666666666785e+01,1.644609568999723911e+09,9.401353879454124596e-02,-2.240275876408881928e+00,-2.677539587571836410e+00,-2.240275876408881928e+00,2.160794305124039916e+00,3.189658088935622415e-01,-2.916310827255926275e-01
1.793333333333333357e+01,1.644609569014683247e+09,9.369534720142794204e-02,-2.272325602823888069e+00,-2.945709049802959445e+00,-2.272325602823888069e+00,2.181167834711528641e+00,3.141329803223804618e-01,-2.883175502896168640e-01
1.794999999999999929e+01,1.644609569030615330e+09,9.285842641306416012e-02,-2.272325602823888069e+00,-2.945709049802959445e+00,-2.272325602823888069e+00,2.182749536402504908e+00,3.093551380904716597e-01,-2.850326424980644813e-01
1.796666666666666501e+01,1.644609569051606655e+09,9.147982378833141581e-02,-2.272325602823888069e+00,-2.803736981562953368e+00,-2.272325602823888069e+00,2.165286799158298692e+00,3.046291786466706064e-01,-2.820906631153565769e-01
1.798333333333333428e+01,1.644609569067544937e+09,8.953919983604902155e-02,-2.304375329238892878e+00,-2.953596386927404449e+00,-2.304375329238892878e+00,2.128696286205196131e+00,2.999423652208100255e-01,-2.803318337400576010e-01
1.800000000000000000e+01,1.644609569084496737e+09,8.701901487686083958e-02,-2.304375329238892878e+00,-2.677539587571836410e+00,-2.304375329238892878e+00,2.073065474462786550e+00,2.952769389320041293e-01,-2.795215716975201214e-01
1.801666666666666572e+01,1.644609569103446722e+09,8.390469739907091551e-02,-2.336425055653899019e+00,-2.819511655811842488e+00,-2.336425055653899019e+00,1.998652608924874841e+00,2.906102004304539355e-01,-2.804843739747869824e-01
1.803333333333333144e+01,1.644609569119378090e+09,8.018479267629774476e-02,-2.368474782068903828e+00,-2.551342193580719453e+00,-2.368474782068903828e+00,1.905885069038600665e+00,2.859103083839117931e-01,-2.834943104787499002e-01
1.805000000000000071e+01,1.644609569136249781e+09,7.585109036003723215e-02,-2.464623961313920919e+00,-2.496130833709605756e+00,-2.464623961313920919e+00,1.795356159336769730e+00,2.811321199821303352e-01,-2.898705854432542806e-01
1.806666666666666643e+01,1.644609569154247761e+09,7.089872991597148677e-02,-2.496673687728925728e+00,-2.188524685856259033e+00,-2.496673687728925728e+00,1.667820351683219737e+00,2.762264989916260460e-01,-2.987791867201783913e-01
1.808333333333333215e+01,1.644609569170205116e+09,6.532628293788275697e-02,-2.528723414143931869e+00,-1.447114996158446631e+00,-2.528723414143931869e+00,1.524187021345730475e+00,2.711493663421670752e-01,-3.104443272840227697e-01
1.810000000000000142e+01,1.644609569186124563e+09,5.913581154634547227e-02,-2.592822866973942819e+00,-1.131621511180654238e+00,-2.592822866973942819e+00,1.365512733569789638e+00,2.658486562581357515e-01,-3.255987860900606545e-01
1.811666666666666714e+01,1.644609569202080965e+09,5.233290225917375249e-02,-2.688972046218959022e+00,-1.029086128562872515e+00,-2.688972046218959022e+00,1.192992151249959942e+00,2.602603562005565974e-01,-3.449434842819648073e-01
1.813333333333333286e+01,1.644609569220031977e+09,4.492667490596231189e-02,-2.753071499048969972e+00,-1.194720208176212717e+00,-2.753071499048969972e+00,1.007947647545560432e+00,2.543179045182202280e-01,-3.680864301246852821e-01
1.814999999999999858e+01,1.644609569238003731e+09,3.692976634828332855e-02,-2.817170951878980922e+00,-1.226269556673992733e+00,-2.817170951878980922e+00,8.118177197368527942e-01,2.479569905751651815e-01,-3.951480700506657118e-01
1.816666666666666785e+01,1.644609569255409718e+09,2.835828895869424437e-02,-2.945369857539002822e+00,-9.186634088206449000e-01,-2.945369857539002822e+00,6.061443121455916128e-01,2.411026724567210955e-01,-4.272808443554451108e-01
1.818333333333333357e+01,1.644609569271295071e+09,1.923176400437185546e-02,-3.009469310369013773e+00,-7.845786777050833827e-01,-3.009469310369013773e+00,3.925591664334575626e-01,2.336788923593770551e-01,-4.634722333236936942e-01
1.819999999999999929e+01,1.644609569287235498e+09,9.573030273182528416e-03,-3.041519036784018581e+00,-1.171058196802878815e+00,-3.041519036784018581e+00,1.727693269485291450e-01,2.256221370120955194e-01,-5.032279731403369594e-01
1.821666666666666501e+01,1.644609569309208870e+09,-5.918715299082014103e-04,-3.201767668859047067e+00,-1.163170859678434255e+00,-3.201767668859047067e+00,-5.145806308784017791e-02,2.168551730638072217e-01,-5.486814380578300954e-01
1.823333333333333428e+01,1.644609569323410749e+09,-1.123383790179609959e-02,-3.265867121689058017e+00,-7.845786777050833827e-01,-3.265867121689058017e+00,-2.783115319404351196e-01,2.072967428594284789e-01,-5.981926520806095660e-01
1.825000000000000000e+01,1.644609569340829611e+09,-2.232086427975230741e-02,-3.329966574519068967e+00,-1.123734174056209456e+00,-3.329966574519068967e+00,-5.059514682123220641e-01,1.968796690782632641e-01,-6.517075456783009146e-01
1.826666666666666572e+01,1.644609569357683897e+09,-3.381822832864175843e-02,-3.426115753764084726e+00,-1.778383155385128145e+00,-3.426115753764084726e+00,-7.325265761189088121e-01,1.855334970680377893e-01,-7.096720791661252914e-01
1.828333333333333144e+01,1.644609569375649452e+09,-4.568869353867637678e-02,-3.458165480179090867e+00,-1.857256526629577520e+00,-3.458165480179090867e+00,-9.561904425657665740e-01,1.731939363009300792e-01,-7.709051171114318368e-01
1.830000000000000071e+01,1.644609569390914440e+09,-5.789273173744031997e-02,-3.522264933009101817e+00,-1.833594515256242286e+00,-3.522264933009101817e+00,-1.175118060351726390e+00,1.598031905989392987e-01,-8.358040879654549116e-01
1.831666666666666643e+01,1.644609569407891750e+09,-7.038876297201561438e-02,-3.618414112254117576e+00,-1.604861738647343383e+00,-3.618414112254117576e+00,-1.387522152265797892e+00,1.452971417291801792e-01,-9.047303101710276740e-01
1.833333333333333215e+01,1.644609569425555944e+09,-8.313341108084400244e-02,-3.682513565084128526e+00,-1.596974401522898823e+00,-3.682513565084128526e+00,-1.591669142783998847e+00,1.296147922809289255e-01,-9.769510058539118136e-01
1.835000000000000142e+01,1.644609569442509651e+09,-9.608177315112600980e-02,-3.778662744329144729e+00,-1.447114996158446631e+00,-3.778662744329144729e+00,-1.785894627495143272e+00,1.126986330363458078e-01,-1.052777469473066940e+00
1.836666666666666714e+01,1.644609569461819172e+09,-1.091877009474931937e-01,-3.842762197159155679e+00,-1.439227659034001849e+00,-3.842762197159155679e+00,-1.968618195242730851e+00,9.449508126834064992e-02,-1.131430257578426524e+00
1.838333333333333286e+01,1.644609569478775263e+09,-1.224040923019815291e-01,-3.842762197159155679e+00,-1.415565647660668169e+00,-3.842762197159155679e+00,-2.138357464234776906e+00,7.496806878838990773e-02,-1.211588572788374618e+00
1.839999999999999858e+01,1.644609569494266987e+09,-1.356831903747764134e-01,-3.874811923574161820e+00,-1.344579613540664909e+00,-3.874811923574161820e+00,-2.293741200966205263e+00,5.409026749131316120e-02,-1.293519990233637396e+00
1.841666666666666785e+01,1.644609569511229515e+09,-1.489768886306239715e-01,-3.842762197159155679e+00,-1.281480916545106430e+00,-3.842762197159155679e+00,-2.433521399655241169e+00,3.184337919182277099e-02,-1.375877828547720227e+00
1.843333333333333357e+01,1.644609569530326843e+09,-1.622370393274525646e-01,-3.842762197159155679e+00,-1.510213693154005110e+00,-3.842762197159155679e+00,-2.556584209927529994e+00,8.218238062726854198e-03,-1.458908460870069090e+00
1.844999999999999929e+01,1.644609569546284199e+09,-1.754157632823160617e-01,-3.842762197159155679e+00,-1.107959499807320336e+00,-3.842762197159155679e+00,-2.661959611587500607e+00,-1.679383320909851735e-02,-1.542308419744021331e+00
1.846666666666666501e+01,1.644609569564750195e+09,-1.884657586651300176e-01,-3.810712470744150870e+00,0.000000000000000000e+00,-3.810712470744150870e+00,-2.748829747393535250e+00,-4.319195637385481179e-02,-1.625236000214893117e+00
1.848333333333333428e+01,1.644609569579319954e+09,-2.013406065735132144e-01,-3.778662744329144729e+00,-8.161280262028632881e-01,-3.778662744329144729e+00,-2.816535837676976239e+00,-7.096567675576818945e-02,-1.707382256199748483e+00
1.850000000000000000e+01,1.644609569597309828e+09,-2.139950711616717405e-01,-3.714563291499134667e+00,-7.293673178339693530e-01,-3.714563291499134667e+00,-2.864583614295208136e+00,-1.000949382567028895e-01,-1.787905443128719574e+00
1.851666666666666572e+01,1.644609569614531994e+09,-2.263853921332708019e-01,-3.650463838669123717e+00,-9.975367800650926098e-01,-3.650463838669123717e+00,-2.892647225647325904e+00,-1.305501536819572983e-01,-1.866502078775406082e+00
1.853333333333333144e+01,1.644609569633380651e+09,-2.384695674616180427e-01,-3.586364385839112767e+00,-8.634520489495310924e-01,-3.586364385839112767e+00,-2.900571579171782766e+00,-1.622966982953776560e-01,-1.942871133578834009e+00
1.855000000000000071e+01,1.644609569651710987e+09,-2.502076242705435494e-01,-3.458165480179090867e+00,-1.092184825558430994e+00,-3.458165480179090867e+00,-2.888373102743476473e+00,-1.952861206004314343e-01,-2.015657354322489603e+00
1.856666666666666643e+01,1.644609569666671038e+09,-2.615618758950306044e-01,-3.842762197159155679e+00,-1.439227659034001849e+00,-3.842762197159155679e+00,-2.856238921548714949e+00,-2.295272756167301420e-01,-2.093066217951322194e+00
1.858333333333333215e+01,1.644609569684608459e+09,-2.724971632415377210e-01,-3.362016300934073776e+00,-1.896693212251800542e+00,-3.362016300934073776e+00,-2.804524462190178369e+00,-2.649743429193112676e-01,-2.160394830034145119e+00
1.860000000000000142e+01,1.644609569700995207e+09,-2.829810786832299696e-01,-3.329966574519068967e+00,-1.281480916545106430e+00,-3.329966574519068967e+00,-2.733749510814987627e+00,-3.015200520993072120e-01,-2.224911055609716914e+00
1.861666666666666714e+01,1.644609569717932701e+09,-2.929841708541803813e-01,-3.297916848104062826e+00,-1.305142927918440332e+00,-3.297916848104062826e+00,-2.644592766819204854e+00,-3.391153795941228011e-01,-2.286357555030289035e+00
1.863333333333333286e+01,1.644609569736246109e+09,-3.024801288479076478e-01,-3.265867121689058017e+00,-1.226269556673992733e+00,-3.265867121689058017e+00,-2.537884948019304421e+00,-3.777071631300734644e-01,-2.344494972656144594e+00
1.864999999999999858e+01,1.644609569753168583e+09,-3.114459444783275188e-01,-3.137668216029035673e+00,-1.289368253669551212e+00,-3.137668216029035673e+00,-2.414600516953962828e+00,-4.172251386533722406e-01,-2.397514809349229115e+00
1.866666666666666785e+01,1.644609569769770145e+09,-3.198620514243293300e-01,-2.881270404708991872e+00,-1.455002333282891192e+00,-2.881270404708991872e+00,-2.275848111057797496e+00,-4.575648766500858833e-01,-2.443127046615295228e+00
1.868333333333333357e+01,1.644609569785564899e+09,-3.277124402511122359e-01,-2.656922319803954213e+00,-1.155283522553989473e+00,-2.656922319803954213e+00,-2.122859771701291365e+00,-4.986064007210645466e-01,-2.481748557402737365e+00
1.869999999999999929e+01,1.644609569803284407e+09,-3.349847484812545906e-01,-2.496673687728925728e+00,-1.336692276416220349e+00,-2.496673687728925728e+00,-1.956979078403649597e+00,-5.402412370710100165e-01,-2.514341267155001614e+00
1.871666666666666501e+01,1.644609569821624756e+09,-3.416703250744021481e-01,-2.240275876408881928e+00,-9.344380830695340201e-01,-2.240275876408881928e+00,-1.779648304784821944e+00,-5.823548767202562093e-01,-2.539226363858983593e+00
1.873333333333333428e+01,1.644609569837527752e+09,-3.477642688654366543e-01,-2.015927791503844269e+00,-9.817621058162033787e-01,-2.015927791503844269e+00,-1.592394721934013990e+00,-6.248229802115339293e-01,-2.556896968925003399e+00
1.875000000000000000e+01,1.644609569853484869e+09,-3.532654407052435164e-01,-1.791579706598805055e+00,-7.135926435850801219e-01,-1.791579706598805055e+00,-1.396816182743790602e+00,-6.675251526396052126e-01,-2.567334727985975285e+00
1.876666666666666572e+01,1.644609569870424032e+09,-3.581764492443564318e-01,-1.406982989618740243e+00,0.000000000000000000e+00,-1.406982989618740243e+00,-1.194566127319755422e+00,-7.103187904811789632e-01,-2.567900242093376306e+00
1.878333333333333144e+01,1.644609569891678572e+09,-3.625036104963573758e-01,-1.022386272638674320e+00,-6.899306322117463308e-01,-1.022386272638674320e+00,-9.873381547579546114e-01,-7.530400323273622742e-01,-2.558674407370470139e+00
1.880000000000000071e+01,1.644609569905641079e+09,-3.662568815133208089e-01,-8.300879141486412482e-01,-9.265507459450895711e-01,-8.300879141486412482e-01,-7.768503103457957693e-01,-7.955531515070689563e-01,-2.542943591932337544e+00
1.881666666666666643e+01,1.644609569924567699e+09,-3.694497686983875262e-01,-7.339387349036241570e-01,-7.214799807095249040e-01,-7.339387349036241570e-01,-5.648292395409701960e-01,-8.377636985488460253e-01,-2.522379177797970495e+00
1.883333333333333215e+01,1.644609569941523314e+09,-3.720992114692360242e-01,-5.095906499985862759e-01,-6.820432950873015487e-01,-5.095906499985862759e-01,-3.529943609066509280e-01,-8.795740999136247851e-01,-2.494945193281612461e+00
1.885000000000000142e+01,1.644609569956459761e+09,-3.742254421692813304e-01,-3.172922915085532591e-01,0.000000000000000000e+00,-3.172922915085532591e-01,-1.430422095186377751e-01,-9.208754983576253883e-01,-2.461316036521398409e+00
1.886666666666666714e+01,1.644609569975408554e+09,-3.758518232995744501e-01,-9.294420660351540575e-02,-5.952825867184078357e-01,-9.294420660351540575e-02,6.336889977907089744e-02,-9.615615590566943816e-01,-2.421122897602737023e+00
1.888333333333333286e+01,1.644609569991365910e+09,-3.770046633121076352e-01,6.730442547151148369e-02,-9.186634088206449000e-01,6.730442547151148369e-02,2.646337434851231407e-01,-1.001533353181861985e+00,-2.375618800661625674e+00
1.889999999999999858e+01,1.644609570010211706e+09,-3.777130123633860581e-01,2.916525103765505444e-01,-7.451419920828601384e-01,2.916525103765505444e-01,4.592144541421342430e-01,-1.040695168085642663e+00,-2.323942536349200338e+00
1.891666666666666785e+01,1.644609570029933929e+09,-3.780084395744151560e-01,4.519011424515774755e-01,-1.029086128562872515e+00,4.519011424515774755e-01,6.456540442211686770e-01,-1.078954964718729981e+00,-2.267390153271567232e+00
1.893333333333333357e+01,1.644609570043175697e+09,-3.779247934785481822e-01,5.480503216965945112e-01,-1.368241624913998811e+00,5.480503216965945112e-01,8.225890624564581310e-01,-1.116242314151608461e+00,-2.207258814102804667e+00
1.894999999999999929e+01,1.644609570060104370e+09,-3.774979474610121732e-01,6.121497745266043511e-01,-1.541763041651785127e+00,6.121497745266043511e-01,9.887612647874494121e-01,-1.152503974733000813e+00,-2.144315302866178108e+00
1.896666666666666501e+01,1.644609570079081297e+09,-3.767655321022406745e-01,7.082989537716214423e-01,-1.557537715900674247e+00,7.082989537716214423e-01,1.143028192093850759e+00,-1.187690682985374391e+00,-2.078273142182713418e+00
1.898333333333333428e+01,1.644609570097054243e+09,-3.757666564308102530e-01,7.723984066016336136e-01,-2.062327291865142076e+00,7.723984066016336136e-01,1.284372557963776806e+00,-1.221757434333127668e+00,-2.009926874758869886e+00
1.900000000000000000e+01,1.644609570117950439e+09,-3.745416201699098835e-01,8.685475858466483734e-01,-1.313030265042885114e+00,8.685475858466483734e-01,1.411910361717390483e+00,-1.254663625486671208e+00,-1.939013051145925814e+00
1.901666666666666572e+01,1.644609570130951881e+09,-3.731316191233675084e-01,9.005973122616556248e-01,-1.423452984785112729e+00,9.005973122616556248e-01,1.524897654688201376e+00,-1.286377681647213445e+00,-1.866874078869552589e+00
1.903333333333333144e+01,1.644609570148867846e+09,-3.715784458928174105e-01,9.326470386766605447e-01,-1.565425053025118807e+00,9.326470386766605447e-01,1.622735901221124655e+00,-1.316881445282361618e+00,-1.793780599569441359e+00
1.905000000000000071e+01,1.644609570165847540e+09,-3.699241881464095383e-01,9.967464915066702735e-01,-1.817819841007352943e+00,9.967464915066702735e-01,1.704975889844313475e+00,-1.346156867493667697e+00,-1.719476471002285400e+00
1.906666666666666643e+01,1.644609570181068659e+09,-3.682109266709882034e-01,1.060845944336682445e+00,-2.235848708602926838e+00,1.060845944336682445e+00,1.771320164471692493e+00,-1.374186133532777188e+00,-1.644244436483036420e+00
1.908333333333333215e+01,1.644609570197502136e+09,-3.664804354344358139e-01,1.124945397166692285e+00,-2.212186697229592713e+00,1.124945397166692285e+00,1.821623960152548571e+00,-1.400956121982277258e+00,-1.568364958744882243e+00
1.910000000000000142e+01,1.644609570215503454e+09,-3.647738858622355806e-01,1.189044849996704567e+00,-2.330496754096265111e+00,1.189044849996704567e+00,1.855894642659514204e+00,-1.426458346048625092e+00,-1.492113743134264148e+00
1.911666666666666714e+01,1.644609570233434200e+09,-3.631315574930683021e-01,1.253144302826714185e+00,-2.070214628989586636e+00,1.253144302826714185e+00,1.874289665948275729e+00,-1.450688854199206013e+00,-1.415759335504100047e+00
1.913333333333333286e+01,1.644609570248396635e+09,-3.615925571224231638e-01,1.317243755656726467e+00,-2.046552617616251624e+00,1.317243755656726467e+00,1.877113076088219534e+00,-1.473648091578938724e+00,-1.339560817595284892e+00
1.914999999999999858e+01,1.644609570264667511e+09,-3.601945484712567591e-01,1.413392934901741116e+00,-1.928242560749580559e+00,1.413392934901741116e+00,1.864810604508850389e+00,-1.495336297288405669e+00,-1.263235886228974758e+00
1.916666666666666785e+01,1.644609570283070087e+09,-3.589734943294254910e-01,1.477492387731753398e+00,-1.762608481136238803e+00,1.477492387731753398e+00,1.837963407189497023e+00,-1.515757817545919428e+00,-1.187556769389439992e+00
1.918333333333333357e+01,1.644609570299375296e+09,-3.579634130214173759e-01,1.541591840561763238e+00,-2.196412022980703593e+00,1.541591840561763238e+00,1.797280519608977389e+00,-1.534925237719144242e+00,-1.112741476546702968e+00
1.919999999999999929e+01,1.644609570317877769e+09,-3.571961509259338197e-01,1.637741019806780329e+00,-1.975566583496248363e+00,1.637741019806780329e+00,1.743590109731753657e+00,-1.552850205444157305e+00,-1.038460989996047523e+00
1.921666666666666501e+01,1.644609570334393501e+09,-3.567011726516337022e-01,1.669790746221785138e+00,-1.817819841007352943e+00,1.669790746221785138e+00,1.677829622921169328e+00,-1.569552080864905497e+00,-9.659654417562499873e-01
1.923333333333333428e+01,1.644609570349354029e+09,-3.565053703303948107e-01,1.733890199051797421e+00,-2.117538651736254440e+00,1.733890199051797421e+00,1.601034923321775327e+00,-1.585057463743438255e+00,-8.948779735048243422e-01
1.925000000000000000e+01,1.644609570367216825e+09,-3.566328933374222077e-01,1.733890199051797421e+00,-2.093876640362920760e+00,1.733890199051797421e+00,1.514328545838327322e+00,-1.599399850049154637e+00,-8.263986081176057930e-01
1.926666666666666572e+01,1.644609570383765459e+09,-3.571049995858947002e-01,1.765939925466802229e+00,-1.423452984785112729e+00,1.765939925466802229e+00,1.418907181265702366e+00,-1.612619124924816960e+00,-7.600985481297350965e-01
1.928333333333333144e+01,1.644609570400070667e+09,-3.579399293739369270e-01,1.797989651881807038e+00,-1.131621511180654238e+00,1.797989651881807038e+00,1.316028524310202563e+00,-1.624752339125276501e+00,-6.960650309927419732e-01
1.930000000000000071e+01,1.644609570416027546e+09,-3.591528025845152627e-01,1.797989651881807038e+00,-1.202607545300658831e+00,1.797989651881807038e+00,1.206997620118983816e+00,-1.635842231784347511e+00,-6.348920171336577267e-01
1.931666666666666643e+01,1.644609570436950684e+09,-3.607555398562959370e-01,1.797989651881807038e+00,-1.470777007531781866e+00,1.797989651881807038e+00,1.093152849444753327e+00,-1.645936747756162388e+00,-5.766117928064001807e-01
1.933333333333333215e+01,1.644609570452931404e+09,-3.627568081565271108e-01,1.797989651881807038e+00,-1.849369189505131184e+00,1.797989651881807038e+00,9.758516956736498216e-01,-1.655084178043409349e+00,-5.212336733932289023e-01
1.935000000000000142e+01,1.644609570470880985e+09,-3.651619909973977118e-01,1.797989651881807038e+00,-1.699509784140680546e+00,1.797989651881807038e+00,8.564564386098156845e-01,-1.663332779459735900e+00,-4.687443038020419062e-01
1.936666666666666714e+01,1.644609570486014366e+09,-3.679731833464790491e-01,1.797989651881807038e+00,-1.652185761394011188e+00,1.797989651881807038e+00,7.363199201222198065e-01,-1.670730401223339490e+00,-4.191081891717044483e-01
1.938333333333333286e+01,1.644609570503968477e+09,-3.711892110911474973e-01,1.797989651881807038e+00,-1.967679246371803581e+00,1.797989651881807038e+00,6.167715255224408555e-01,-1.677324122258603945e+00,-3.722684485130358656e-01
1.939999999999999858e+01,1.644609570520973206e+09,-3.748056747281105494e-01,1.830039378296814512e+00,-1.620636412896232725e+00,1.830039378296814512e+00,4.991035218658533834e-01,-1.683155476117082383e+00,-3.276180463185129899e-01
1.941666666666666785e+01,1.644609570537904501e+09,-3.788150167633820287e-01,1.830039378296814512e+00,-1.281480916545106430e+00,1.830039378296814512e+00,3.845578902893815876e-01,-1.688264644841270812e+00,-2.855989231178880372e-01
1.943333333333333357e+01,1.644609570555877209e+09,-3.832066121271605619e-01,1.830039378296814512e+00,-1.242044230922881853e+00,1.830039378296814512e+00,2.743137840495391000e-01,-1.692694525518674054e+00,-2.460964897347122371e-01
1.944999999999999929e+01,1.644609570570815802e+09,-3.879668807330641234e-01,1.797989651881807038e+00,-1.652185761394011188e+00,1.797989651881807038e+00,1.694757371715751582e-01,-1.696490395409717467e+00,-2.095095300261125004e-01
1.946666666666666501e+01,1.644609570587145090e+09,-3.930794211437557140e-01,1.830039378296814512e+00,-2.022890606242917499e+00,1.830039378296814512e+00,7.106274062563833205e-02,-1.699690702176065438e+00,-1.746241879443902745e-01
1.948333333333333428e+01,1.644609570603125095e+09,-3.985251641462408401e-01,1.830039378296814512e+00,-2.212186697229592713e+00,1.830039378296814512e+00,-2.000170620388264098e-02,-1.702326982822074397e+00,-1.418206127634990266e-01
1.950000000000000000e+01,1.644609570623194933e+09,-4.042825448913219821e-01,1.830039378296814512e+00,-2.109651314611809880e+00,1.830039378296814512e+00,-1.028984712057110507e-01,-1.704432517803785796e+00,-1.109293959969359367e-01
1.951666666666666572e+01,1.644609570637536287e+09,-4.103276921141246203e-01,1.830039378296814512e+00,-1.494439018905115768e+00,1.830039378296814512e+00,-1.769205060104952487e-01,-1.706037689843376892e+00,-8.177224275257291564e-02
1.953333333333333144e+01,1.644609570655491114e+09,-4.166346328270301158e-01,1.830039378296814512e+00,-1.202607545300658831e+00,1.830039378296814512e+00,-2.414793288888081868e-01,-1.707169853426278916e+00,-5.416407834620418082e-02
1.955000000000000071e+01,1.644609570672471285e+09,-4.231755107640836067e-01,1.830039378296814512e+00,-1.202607545300658831e+00,1.830039378296814512e+00,-2.961102124745416120e-01,-1.707853239834084880e+00,-2.791520584136022998e-02
1.956666666666666643e+01,1.644609570690347195e+09,-4.299208167575620521e-01,1.830039378296814512e+00,-8.634520489495310924e-01,1.830039378296814512e+00,-3.404760280563219332e-01,-1.708108898369430140e+00,-2.833491468673461633e-03
1.958333333333333215e+01,1.644609570706282854e+09,-4.368396291438055856e-01,1.830039378296814512e+00,0.000000000000000000e+00,1.830039378296814512e+00,-3.743697119883448998e-01,-1.707954674043338228e+00,2.127344531037568195e-02
1.960000000000000142e+01,1.644609570723613501e+09,-4.438998622270828309e-01,1.830039378296814512e+00,-8.476773747006416393e-01,1.830039378296814512e+00,-3.977153339052761361e-01,-1.707405221608679913e+00,4.459606028224302743e-02
1.961666666666666714e+01,1.644609570739570618e+09,-4.510685207779601691e-01,1.797989651881807038e+00,-8.476773747006416393e-01,1.797989651881807038e+00,-4.105677607402282714e-01,-1.706476482163519437e+00,6.679101902277559399e-02
1.963333333333333286e+01,1.644609570758839607e+09,-4.583119585064143742e-01,1.830039378296814512e+00,-7.609166663317492585e-01,1.830039378296814512e+00,-4.131109248984063953e-01,-1.705176816857024269e+00,8.910682793958715764e-02
1.964999999999999858e+01,1.644609570775297880e+09,-4.655961384302839123e-01,1.830039378296814512e+00,0.000000000000000000e+00,1.830039378296814512e+00,-4.056547191860407908e-01,-1.703507273817724599e+00,1.111770292188004050e-01
1.966666666666666785e+01,1.644609570791233540e+09,-4.728868930565970352e-01,1.830039378296814512e+00,0.000000000000000000e+00,1.830039378296814512e+00,-3.886305550918773832e-01,-1.701470591051611914e+00,1.331638268394366442e-01
1.968333333333333357e+01,1.644609570811146736e+09,-4.801501823067837460e-01,1.830039378296814512e+00,0.000000000000000000e+00,1.830039378296814512e+00,-3.625856346286636667e-01,-1.699066901148536646e+00,1.552176993308305997e-01
1.969999999999999929e+01,1.644609570826331615e+09,-4.873523471468007018e-01,1.830039378296814512e+00,0.000000000000000000e+00,1.830039378296814512e+00,-3.281759990247151704e-01,-1.696293940119771859e+00,1.774757946232675132e-01
1.971666666666666501e+01,1.644609570844333410e+09,-4.944603569292302381e-01,1.830039378296814512e+00,0.000000000000000000e+00,1.830039378296814512e+00,-2.861584299833265232e-01,-1.693147281647759517e+00,2.000604852898133501e-01
1.973333333333333428e+01,1.644609570864280701e+09,-5.014420485163471053e-01,1.830039378296814512e+00,-1.581199727274008149e+00,1.830039378296814512e+00,-2.373812908742439776e-01,-1.689620593950589944e+00,2.230780990496866456e-01
1.975000000000000000e+01,1.644609570879192591e+09,-5.082663553301860482e-01,1.830039378296814512e+00,-1.249931568047326635e+00,1.830039378296814512e+00,-1.827744059690992184e-01,-1.685705916231529766e+00,2.466178375360884023e-01
1.976666666666666572e+01,1.644609570896717072e+09,-5.149035245673618810e-01,1.862089104711819321e+00,-1.612749075771788165e+00,1.862089104711819321e+00,-1.233380855781144314e-01,-1.681389524759687948e+00,2.712806297164749303e-01
1.978333333333333144e+01,1.644609570913640738e+09,-5.213253209217844075e-01,1.894138831126824352e+00,-1.667960435642902084e+00,1.894138831126824352e+00,-6.013141358600121444e-02,-1.676652336327390191e+00,2.971102315765241086e-01
1.980000000000000071e+01,1.644609570931801081e+09,-5.275052152768719971e-01,1.926188557541829161e+00,-1.912467886500689884e+00,1.926188557541829161e+00,5.740078662057113146e-03,-1.671474697200673765e+00,3.241314030532057022e-01
1.981666666666666643e+01,1.644609570947119713e+09,-5.334185569591974874e-01,1.958238283956836412e+00,-1.707397121265125328e+00,1.958238283956836412e+00,7.313722198221170312e-02,-1.665836701742430703e+00,3.523496660272801839e-01
1.983333333333333215e+01,1.644609570964594126e+09,-5.390427282867347181e-01,1.958238283956836412e+00,-1.486551681780671208e+00,1.958238283956836412e+00,1.409003674758588787e-01,-1.659722939942381181e+00,3.812215484177755020e-01
1.985000000000000142e+01,1.644609570982548237e+09,-5.443572802958428491e-01,1.990288010371841443e+00,-2.567116867829608573e+00,1.990288010371841443e+00,2.078627546567887729e-01,-1.653118292298757952e+00,4.112527468579627588e-01
1.986666666666666714e+01,1.644609570997530460e+09,-5.493440486905678544e-01,1.990288010371841443e+00,-2.543454856456274449e+00,1.990288010371841443e+00,2.728639489984716615e-01,-1.646008294607848699e+00,4.418619484898920202e-01
1.988333333333333286e+01,1.644609571014484882e+09,-5.539872492245494495e-01,1.990288010371841443e+00,-2.393595451091823811e+00,1.990288010371841443e+00,3.347632076634808884e-01,-1.638383821758117032e+00,4.729883292740824086e-01
1.989999999999999858e+01,1.644609571034406900e+09,-5.582735518982551159e-01,2.022337736786846030e+00,-2.227961371478482278e+00,2.022337736786846030e+00,3.924526329552402437e-01,-1.630232480270149553e+00,5.050834939484830644e-01
1.991666666666666785e+01,1.644609571053511143e+09,-5.621921335312694001e-01,2.022337736786846030e+00,-1.959791909247359243e+00,2.022337736786846030e+00,4.448699752394871254e-01,-1.621543412461630362e+00,5.375145546737362112e-01
1.993333333333333357e+01,1.644609571067580700e+09,-5.657347084492986289e-01,2.054387463201851283e+00,-1.770495818260683585e+00,2.054387463201851283e+00,4.910109506916233157e-01,-1.612307506629889753e+00,5.707019557402202015e-01
1.994999999999999929e+01,1.644609571085501432e+09,-5.688955372070698679e-01,2.086437189616858312e+00,-1.360354287789554251e+00,2.086437189616858312e+00,5.299409442059447306e-01,-1.602513257553102477e+00,6.045140088938130152e-01
1.996666666666666501e+01,1.644609571102466106e+09,-5.716714134499346622e-01,2.086437189616858312e+00,-1.399790973411778827e+00,2.086437189616858312e+00,5.608059740978308394e-01,-1.592155881301412057e+00,6.382773520373674625e-01
1.998333333333333428e+01,1.644609571119768620e+09,-5.740616291971964991e-01,2.086437189616858312e+00,-1.581199727274008149e+00,2.086437189616858312e+00,5.828428027818324253e-01,-1.581237402336024056e+00,6.718468729452909960e-01
2.000000000000000000e+01,1.644609571138164759e+09,-5.760679190076318790e-01,2.054387463201851283e+00,-1.533875704527340345e+00,2.054387463201851283e+00,5.953880863374405585e-01,-1.569766761957861911e+00,7.045391583927838042e-01
2.001666666666666572e+01,1.644609571151308775e+09,-5.776943836608093852e-01,2.086437189616858312e+00,-1.896693212251800542e+00,2.086437189616858312e+00,5.978864656956017765e-01,-1.557750993828745489e+00,7.372621178522084096e-01
2.003333333333333144e+01,1.644609571168289900e+09,-5.789473941553474612e-01,2.086437189616858312e+00,-1.944017234998469901e+00,2.086437189616858312e+00,5.898975129918414551e-01,-1.545195466191594091e+00,7.693121685918686836e-01
2.005000000000000071e+01,1.644609571184246778e+09,-5.798354769857888558e-01,2.086437189616858312e+00,-1.904580549376245324e+00,2.086437189616858312e+00,5.711014583292643998e-01,-1.532112793931563965e+00,8.005218071309405659e-01
2.006666666666666643e+01,1.644609571205191612e+09,-5.803691818120141344e-01,2.086437189616858312e+00,-1.313030265042885114e+00,2.086437189616858312e+00,5.413036346579440661e-01,-1.518518387410337400e+00,8.307230810142940403e-01
2.008333333333333215e+01,1.644609571221148729e+09,-5.805609327778933348e-01,2.118486916031863121e+00,-1.589087064398452931e+00,2.118486916031863121e+00,5.004375915824292864e-01,-1.504426015453462773e+00,8.602794508509910010e-01
2.010000000000000142e+01,1.644609571235133886e+09,-5.804248648679765088e-01,2.086437189616858312e+00,-1.833594515256242286e+00,2.086437189616858312e+00,4.485668425233855228e-01,-1.489856710811139351e+00,8.879602134110049505e-01
2.011666666666666714e+01,1.644609571256363869e+09,-5.799766468115026274e-01,2.086437189616858312e+00,-1.447114996158446631e+00,2.086437189616858312e+00,3.858852236471050912e-01,-1.474838541023361094e+00,9.141474171776261537e-01
2.013333333333333286e+01,1.644609571271636009e+09,-5.792332921506936350e-01,2.086437189616858312e+00,-1.628523750020677507e+00,2.086437189616858312e+00,3.127158571967278977e-01,-1.459397641018526981e+00,9.386924012863517852e-01
2.014999999999999858e+01,1.644609571289592981e+09,-5.782129601846808242e-01,2.086437189616858312e+00,-1.873031200878466862e+00,2.086437189616858312e+00,2.295087261682071667e-01,-1.443562540721122112e+00,9.614563995853646627e-01
2.016666666666666785e+01,1.644609571305752754e+09,-5.769347485802915898e-01,2.118486916031863121e+00,-1.707397121265125328e+00,2.118486916031863121e+00,1.368368815296185925e-01,-1.427359557784088295e+00,9.828421466076888713e-01
2.018333333333333357e+01,1.644609571321162701e+09,-5.754184795061003665e-01,2.086437189616858312e+00,-1.210494882425103391e+00,2.086437189616858312e+00,3.539131723944932695e-02,-1.410821537976227891e+00,1.001667935247433583e+00
2.019999999999999929e+01,1.644609571339491844e+09,-5.736844811958248247e-01,2.118486916031863121e+00,-1.455002333282891192e+00,2.118486916031863121e+00,-7.402543796194138714e-02,-1.393983041224312158e+00,1.018903796463349831e+00
2.021666666666666501e+01,1.644609571356471539e+09,-5.717533668810186320e-01,2.118486916031863121e+00,-1.226269556673992733e+00,2.118486916031863121e+00,-1.905069497736116002e-01,-1.376875749229081514e+00,1.033929503905756553e+00
2.023333333333333428e+01,1.644609571373397827e+09,-5.696458130508659234e-01,2.150536642446868374e+00,-1.052748139936206639e+00,2.150536642446868374e+00,-3.130516537233372087e-01,-1.359532603346138124e+00,1.047211107834872035e+00
2.025000000000000000e+01,1.644609571389356136e+09,-5.673823389985189758e-01,2.150536642446868374e+00,-9.581000944428694766e-01,2.150536642446868374e+00,-4.405726899896880155e-01,-1.341987545128629833e+00,1.058165448824983423e+00
2.026666666666666572e+01,1.644609571409277201e+09,-5.649830895988297019e-01,2.118486916031863121e+00,-1.155283522553989473e+00,2.118486916031863121e+00,-5.719086998888349704e-01,-1.324283994499754202e+00,1.066238201798491714e+00
2.028333333333333144e+01,1.644609571425282001e+09,-5.624676232317735725e-01,2.118486916031863121e+00,-1.344579613540664909e+00,2.118486916031863121e+00,-7.058354761954576118e-01,-1.306465511033824578e+00,1.071963908996502290e+00
2.030000000000000071e+01,1.644609571443232536e+09,-5.598547067193335725e-01,2.150536642446868374e+00,-1.604861738647343383e+00,2.150536642446868374e+00,-8.410783504776557784e-01,-1.288566643041203719e+00,1.075889345870035152e+00
2.031666666666666643e+01,1.644609571459166765e+09,-5.571621190818599745e-01,2.150536642446868374e+00,-1.951904572122914461e+00,2.150536642446868374e+00,-9.763251927994931467e-01,-1.270621573645336122e+00,1.077514467301623924e+00
2.033333333333333215e+01,1.644609571475919008e+09,-5.544064658430593040e-01,2.150536642446868374e+00,-2.007115931994028379e+00,2.150536642446868374e+00,-1.110239892561734498e+00,-1.252668139720009233e+00,1.076899312541049314e+00
2.035000000000000142e+01,1.644609571492873192e+09,-5.516030055218064110e-01,2.150536642446868374e+00,-1.738946469762905123e+00,2.150536642446868374e+00,-1.241476183982235471e+00,-1.234742999830596766e+00,1.074125180292714088e+00
2.036666666666666714e+01,1.644609571511049986e+09,-5.487654898442935192e-01,2.150536642446868374e+00,-2.093876640362920760e+00,2.150536642446868374e+00,-1.368691675808630492e+00,-1.216881283381334278e+00,1.069294213287422135e+00
2.038333333333333286e+01,1.644609571527067423e+09,-5.459060190928313183e-01,2.150536642446868374e+00,-2.567116867829608573e+00,2.150536642446868374e+00,-1.490561942360952186e+00,-1.199116248575279320e+00,1.062528756816132347e+00
2.039999999999999858e+01,1.644609571542992592e+09,-5.430349138785819374e-01,2.150536642446868374e+00,-2.748525621691839671e+00,2.150536642446868374e+00,-1.605794531934021663e+00,-1.181478952911625191e+00,1.053970496327692352e+00
2.041666666666666785e+01,1.644609571558725595e+09,-5.401606044858082711e-01,2.150536642446868374e+00,-2.748525621691839671e+00,2.150536642446868374e+00,-1.713142748971951290e+00,-1.163997939840870410e+00,1.043779381481519497e+00
2.043333333333333357e+01,1.644609571578098297e+09,-5.372895387860722183e-01,2.150536642446868374e+00,-2.701201598945170090e+00,2.150536642446868374e+00,-1.811419068251403974e+00,-1.146698945056606744e+00,1.032132346267180312e+00
2.044999999999999929e+01,1.644609571594251871e+09,-5.344261095631669400e-01,2.118486916031863121e+00,-3.379512591647424014e+00,2.118486916031863121e+00,-1.899508042566187882e+00,-1.129609052448890649e+00,1.018692101550558782e+00
2.046666666666666501e+01,1.644609571610987902e+09,-5.315726019250954781e-01,2.150536642446868374e+00,-3.213878512034082480e+00,2.150536642446868374e+00,-1.976378570055880468e+00,-1.112747498217887099e+00,1.004733181859404967e+00
2.048333333333333428e+01,1.644609571627971888e+09,-5.287291613090105979e-01,2.118486916031863121e+00,-2.787962307314063803e+00,2.118486916031863121e+00,-2.041095393327062801e+00,-1.096130030079576212e+00,9.894055724328407742e-01
2.050000000000000000e+01,1.644609571645916224e+09,-5.258937824104858993e-01,2.150536642446868374e+00,-2.945709049802959445e+00,2.150536642446868374e+00,-2.092829709817940476e+00,-1.079768623886716128e+00,9.740059484504627330e-01
2.051666666666666572e+01,1.644609571663354158e+09,-5.230623191909340441e-01,2.150536642446868374e+00,-2.709088936069614650e+00,2.150536642446868374e+00,-2.130868781381345389e+00,-1.063667005065358495e+00,9.582321273135305795e-01
2.053333333333333144e+01,1.644609571679502487e+09,-5.202285159380044544e-01,2.118486916031863121e+00,-2.496130833709605756e+00,2.118486916031863121e+00,-2.154624440731310209e+00,-1.047833812442630741e+00,9.417966426124787516e-01
2.055000000000000071e+01,1.644609571696492195e+09,-5.173840591748588569e-01,2.118486916031863121e+00,-2.401482788216268371e+00,2.118486916031863121e+00,-2.163640403110643096e+00,-1.032273519776795379e+00,9.254837918286636933e-01
2.056666666666666643e+01,1.644609571716403723e+09,-5.145186500366633053e-01,2.118486916031863121e+00,-2.701201598945170090e+00,2.118486916031863121e+00,-2.157598303196365475e+00,-1.016982020280412069e+00,9.095404358795387001e-01
2.058333333333333215e+01,1.644609571728820562e+09,-5.116200965580047777e-01,2.118486916031863121e+00,-2.511905507958494432e+00,2.118486916031863121e+00,-2.136322389743300132e+00,-1.001951102639119684e+00,8.942122603430556760e-01
2.060000000000000142e+01,1.644609571749814510e+09,-5.086744251447092857e-01,2.118486916031863121e+00,-1.991341257745139037e+00,2.118486916031863121e+00,-2.099782823655442776e+00,-9.871684905917483821e-01,8.797413831686247132e-01
2.061666666666666714e+01,1.644609571762780428e+09,-5.056660103388866956e-01,2.086437189616858312e+00,-2.227961371478482278e+00,2.086437189616858312e+00,-2.048097538939041229e+00,-9.726223490327314813e-01,8.658342357875714601e-01
2.063333333333333286e+01,1.644609571782712221e+09,-5.025777218285493175e-01,1.894138831126824352e+00,-2.338384091220709671e+00,1.894138831126824352e+00,-1.981532640193671702e+00,-9.583234387694605783e-01,8.500787620398531086e-01
2.064999999999999858e+01,1.644609571798328638e+09,-4.993910875039701547e-01,1.701840472636792390e+00,-2.362046102594043795e+00,1.701840472636792390e+00,-1.900501324797895908e+00,-9.443003118409339924e-01,8.327446209086414308e-01
2.066666666666666785e+01,1.644609571814680815e+09,-4.960864712233401530e-01,1.541591840561763238e+00,-1.557537715900674247e+00,1.541591840561763238e+00,-1.805561332602198643e+00,-9.305727135262992222e-01,8.146175310599994557e-01
2.068333333333333357e+01,1.644609571831984997e+09,-4.926432638214006121e-01,1.285194029241721658e+00,-1.652185761394011188e+00,1.285194029241721658e+00,-1.697410940606463914e+00,-9.171652056606419690e-01,7.943397413382631278e-01
2.069999999999999929e+01,1.644609571849622965e+09,-4.890400857776198151e-01,1.028796217921677636e+00,-1.707397121265125328e+00,1.028796217921677636e+00,-1.576883534627780303e+00,-9.041116266667604817e-01,7.721513737326132221e-01
2.071666666666666501e+01,1.644609571864582062e+09,-4.852549998560988231e-01,7.723984066016336136e-01,-1.455002333282891192e+00,7.723984066016336136e-01,-1.444940804212837993e+00,-8.914419789291088136e-01,7.482726860347748143e-01
2.073333333333333428e+01,1.644609571882243156e+09,-4.812657319386925980e-01,6.441995009416116025e-01,-1.242044230922881853e+00,6.441995009416116025e-01,-1.302664620875581658e+00,-8.791650668228779830e-01,7.250213552629777292e-01
2.075000000000000000e+01,1.644609571898192406e+09,-4.770498981963515739e-01,5.480503216965945112e-01,-1.596974401522898823e+00,5.480503216965945112e-01,-1.151247673006413397e+00,-8.672648317989897215e-01,7.030678310505924511e-01
2.076666666666666572e+01,1.644609571916144371e+09,-4.725852366824160877e-01,4.519011424515774755e-01,-1.707397121265125328e+00,4.519011424515774755e-01,-9.919829433735410928e-01,-8.557187390622771339e-01,6.825203749651804763e-01
2.078333333333333144e+01,1.644609571933099508e+09,-4.678498413856591043e-01,3.878016896215676357e-01,-1.439227659034001849e+00,3.878016896215676357e-01,-8.262521268924216677e-01,-8.444982285274422740e-01,6.639923571424980464e-01
2.080000000000000071e+01,1.644609571950348854e+09,-4.628223967510193271e-01,3.237022367915554644e-01,-1.360354287789554251e+00,3.237022367915554644e-01,-6.555130971604439249e-01,-8.335692300790137343e-01,6.475331776879214019e-01
2.081666666666666643e+01,1.644609571967286110e+09,-4.574824106622312203e-01,2.596027839615456800e-01,-1.242044230922881853e+00,2.596027839615456800e-01,-4.812865400288000028e-01,-8.228970671274862259e-01,6.331662854686063158e-01
2.083333333333333215e+01,1.644609571982628107e+09,-4.518104438831437863e-01,1.955033311315334810e-01,-9.265507459450895711e-01,1.955033311315334810e-01,-3.051418811180571788e-01,-8.124468922775207602e-01,6.208888014521987131e-01
2.085000000000000142e+01,1.644609572000604153e+09,-4.457883339736034012e-01,2.275530575465407879e-01,0.000000000000000000e+00,2.275530575465407879e-01,-1.286826415853864758e-01,-8.021708470265269675e-01,6.122605964672240830e-01
2.086666666666666714e+01,1.644609572016937494e+09,-4.393994117308687719e-01,1.955033311315334810e-01,0.000000000000000000e+00,1.955033311315334810e-01,4.646863744820781128e-02,-7.920176482021203945e-01,6.061402637858132048e-01
2.088333333333333286e+01,1.644609572035871506e+09,-4.326287082588087807e-01,1.955033311315334810e-01,-1.131621511180654238e+00,1.955033311315334810e-01,2.186857566737067937e-01,-7.819418228645613755e-01,6.029675899116748727e-01
2.089999999999999858e+01,1.644609572052855015e+09,-4.254631508338727053e-01,1.955033311315334810e-01,-1.029086128562872515e+00,1.955033311315334810e-01,3.863543581205388655e-01,-7.718952787427124651e-01,6.026186739440271278e-01
2.091666666666666785e+01,1.644609572069787502e+09,-4.178917458187687561e-01,1.955033311315334810e-01,-1.163170859678434255e+00,1.955033311315334810e-01,5.478874121197367941e-01,-7.618321906685248113e-01,6.049454315906939161e-01
2.093333333333333357e+01,1.644609572086766005e+09,-4.099057469710914448e-01,1.955033311315334810e-01,-9.265507459450895711e-01,1.955033311315334810e-01,7.017405409991445131e-01,-7.517093944022240626e-01,6.097766998599044586e-01
2.094999999999999929e+01,1.644609572103718519e+09,-4.014988076042577125e-01,1.955033311315334810e-01,-1.178945533927323375e+00,1.955033311315334810e-01,8.464270298942028203e-01,-7.414867601252465024e-01,6.169195716000225316e-01
2.096666666666666501e+01,1.644609572119656801e+09,-3.926671151811059746e-01,1.314038783015236689e-01,-7.924660148295278317e-01,1.314038783015236689e-01,9.805323776183358930e-01,-7.311363953138088068e-01,6.251014777205824435e-01
2.098333333333333428e+01,1.644609572137626886e+09,-3.834095070553225626e-01,1.314038783015236689e-01,-7.057053064606354509e-01,1.314038783015236689e-01,1.102728244540322589e+00,-7.206339177352062420e-01,6.351678688560106201e-01
2.100000000000000000e+01,1.644609572156889200e+09,-3.737275662217000582e-01,9.935415188651879059e-02,-9.502127573184248055e-01,9.935415188651879059e-02,1.211785659836388973e+00,-7.099544210055667159e-01,6.463407023217528913e-01
2.101666666666666572e+01,1.644609572171827316e+09,-3.636256960915694725e-01,6.730442547151148369e-02,-7.845786777050833827e-01,6.730442547151148369e-02,1.306587357258044868e+00,-6.990815862486178256e-01,6.583660639436299533e-01
2.103333333333333144e+01,1.644609572188783407e+09,-3.531111734738616170e-01,3.204972641501691987e-03,-1.100072162682875776e+00,3.204972641501691987e-03,1.386139116630654700e+00,-6.880078554666286816e-01,6.704480679828433987e-01
2.105000000000000071e+01,1.644609572206766605e+09,-3.421941791132797062e-01,-6.089448018850930622e-02,-1.478664344656226426e+00,-6.089448018850930622e-02,1.449579997584603763e+00,-6.767345176853551969e-01,6.823194888248381718e-01
2.106666666666666643e+01,1.644609572224707127e+09,-3.308878053142009223e-01,-1.249939330185202979e-01,-1.573312390149563589e+00,-1.249939330185202979e-01,1.496191362440694395e+00,-6.652673780400556458e-01,6.937056396699081695e-01
2.108333333333333215e+01,1.644609572240664482e+09,-3.192080403603088645e-01,-1.570436594335263836e-01,-1.636411087145122289e+00,-1.570436594335263836e-01,1.525404596615763220e+00,-6.536124336525644951e-01,7.048567109021209864e-01
2.110000000000000142e+01,1.644609572255900860e+09,-3.071737296245251048e-01,-1.890933858485313035e-01,-1.139508848305100353e+00,-1.890933858485313035e-01,1.536807447278560224e+00,-6.417760300261735606e-01,7.154822082995638821e-01
2.111666666666666714e+01,1.644609572273827553e+09,-2.948065134498645268e-01,-1.890933858485313035e-01,-1.249931568047326635e+00,-1.890933858485313035e-01,1.530148914145656347e+00,-6.297649220554130123e-01,7.258220258004220993e-01
2.113333333333333286e+01,1.644609572292775869e+09,-2.821307420678831890e-01,-1.890933858485313035e-01,-9.028887345717556689e-01,-1.890933858485313035e-01,1.505342640138257249e+00,-6.175863381886674830e-01,7.355809295051720653e-01
2.114999999999999858e+01,1.644609572307755947e+09,-2.691733680062415868e-01,-2.211431122635373892e-01,-1.171058196802878815e+00,-2.211431122635373892e-01,1.462468763985758091e+00,-6.052568023168632960e-01,7.439401544954048484e-01
2.116666666666666785e+01,1.644609572325059414e+09,-2.559638166186239960e-01,-2.531928386785423091e-01,-1.218382219549547951e+00,-2.531928386785423091e-01,1.401774211623471711e+00,-5.928019104949433515e-01,7.506282855559003320e-01
2.118333333333333357e+01,1.644609572340822458e+09,-2.425338355479188801e-01,-2.531928386785423091e-01,-1.036973465687317075e+00,-2.531928386785423091e-01,1.323671418243915543e+00,-5.802472611868070285e-01,7.559149459071868860e-01
2.119999999999999929e+01,1.644609572356364965e+09,-2.289173241051513652e-01,-2.531928386785423091e-01,-7.688040034561940406e-01,-2.531928386785423091e-01,1.228735487979426111e+00,-5.676183436670398930e-01,7.595450725424345295e-01
2.121666666666666501e+01,1.644609572374316216e+09,-2.151501437115315440e-01,-2.211431122635373892e-01,-8.634520489495310924e-01,-2.211431122635373892e-01,1.117699813268375975e+00,-5.549403350101779209e-01,7.618096755689864885e-01
2.123333333333333428e+01,1.644609572393687248e+09,-2.012699107069940985e-01,-2.211431122635373892e-01,-6.662686208384109854e-01,-2.211431122635373892e-01,9.914501908434537603e-01,-5.422423334184842680e-01,7.619501252869581576e-01
2.125000000000000000e+01,1.644609572411671877e+09,-1.873157729751859513e-01,-2.531928386785423091e-01,-6.268319352161877411e-01,-2.531928386785423091e-01,8.510174858302366196e-01,-5.295658337566355733e-01,7.592373697443043357e-01
2.126666666666666572e+01,1.644609572427618265e+09,-1.733281719704716783e-01,-2.531928386785423091e-01,0.000000000000000000e+00,-2.531928386785423091e-01,6.975689095165709119e-01,-5.169553663939421284e-01,7.540331702289113647e-01
2.128333333333333144e+01,1.644609572445522547e+09,-1.593485918561168557e-01,-2.531928386785423091e-01,0.000000000000000000e+00,-2.531928386785423091e-01,5.323979898104165276e-01,-5.044537303730500799e-01,7.461849533935506207e-01
2.130000000000000071e+01,1.644609572461878538e+09,-1.454192975734887872e-01,-2.531928386785423091e-01,-5.637332382206292625e-01,-2.531928386785423091e-01,3.569133261139595392e-01,-4.921060519957669577e-01,7.355659498068577440e-01
2.131666666666666643e+01,1.644609572478329182e+09,-1.315830637587983021e-01,-2.531928386785423091e-01,-8.555647118250864214e-01,-2.531928386785423091e-01,1.726262321776685926e-01,-4.799593441348898315e-01,7.220764651709661308e-01
2.133333333333333215e+01,1.644609572496306181e+09,-1.178828965059566525e-01,-2.852425650935483947e-01,-1.060635477060650977e+00,-2.852425650935483947e-01,-1.886261865025851137e-02,-4.680664731034235859e-01,7.051151744104364738e-01
2.135000000000000142e+01,1.644609572514725208e+09,-1.043617500408786369e-01,-2.852425650935483947e-01,-1.265706242296217310e+00,-2.852425650935483947e-01,-2.158774216118013456e-01,-4.564811593322462002e-01,6.851778608608366516e-01
2.136666666666666714e+01,1.644609572532001495e+09,-9.106224042320799905e-02,-3.493420179235594003e-01,-1.510213693154005110e+00,-3.493420179235594003e-01,-4.166822094304421520e-01,-4.452619690744312186e-01,6.611916001471216386e-01
2.138333333333333286e+01,1.644609572549921274e+09,-7.802635842582311687e-02,-3.493420179235594003e-01,-1.573312390149563589e+00,-3.493420179235594003e-01,-6.194964218842354819e-01,-4.344672496344357815e-01,6.342495733769962785e-01
2.139999999999999858e+01,1.644609572564780474e+09,-6.529518376024479043e-02,-3.493420179235594003e-01,-1.928242560749580559e+00,-3.493420179235594003e-01,-8.225109300984213556e-01,-4.241458831929346140e-01,6.043973244684620605e-01
2.141666666666666785e+01,1.644609572583060980e+09,-5.290860281684507671e-02,-4.134414707535703504e-01,-1.549650378776229909e+00,-4.134414707535703504e-01,-1.023904365055299914e+00,-4.143546010358620801e-01,5.706502783812417157e-01
2.143333333333333357e+01,1.644609572600031614e+09,-4.090503207272939978e-02,-4.454911971685752703e-01,-1.636411087145122289e+00,-4.454911971685752703e-01,-1.221859596736078135e+00,-4.051528768876435649e-01,5.336593743346123020e-01
2.144999999999999929e+01,1.644609572616335869e+09,-2.932114928723896646e-02,-4.775409235835813559e-01,-1.675847772767346422e+00,-4.775409235835813559e-01,-1.414580208704715680e+00,-3.965936039960360482e-01,4.935647492381998180e-01
2.146666666666666501e+01,1.644609572634314060e+09,-1.819163455569394738e-02,-5.736901028285972259e-01,-2.322609416971820995e+00,-5.736901028285972259e-01,-1.600306812835307735e+00,-3.887359697902587619e-01,4.494738331046908009e-01
2.148333333333333428e+01,1.644609572650247812e+09,-7.548923226143963716e-03,-6.057398292436033671e-01,-2.772187633065173351e+00,-6.057398292436033671e-01,-1.777333050279237714e+00,-3.816359720038212666e-01,4.026559539928725728e-01
2.150000000000000000e+01,1.644609572668225527e+09,2.577027397441485068e-03,-6.377895556586082870e-01,-2.851061004309622504e+00,-6.377895556586082870e-01,-1.944021127648186908e+00,-3.753372554583800924e-01,3.533270593923181768e-01
2.151666666666666572e+01,1.644609572687148809e+09,1.215895573878461589e-02,-6.698392820736143172e-01,-2.227961371478482278e+00,-6.698392820736143172e-01,-2.098816741725263668e+00,-3.698796809964047805e-01,3.017252178670282170e-01
2.153333333333333144e+01,1.644609572702152491e+09,2.117249630392215032e-02,-7.339387349036241570e-01,-1.888805875127355760e+00,-7.339387349036241570e-01,-2.240263251776356324e+00,-3.653034000653729851e-01,2.475789038246634099e-01
2.155000000000000071e+01,1.644609572720544338e+09,2.959636111578217710e-02,-7.339387349036241570e-01,-1.565425053025118807e+00,-7.339387349036241570e-01,-2.367014965648230884e+00,-3.616395859957663994e-01,1.922325280791925550e-01
2.156666666666666643e+01,1.644609572735476732e+09,3.741250077480045427e-02,-7.659884613186302982e-01,-1.384016299162888153e+00,-7.659884613186302982e-01,-2.477849414253213034e+00,-3.589103022864322812e-01,1.354392797769943813e-01
2.158333333333333215e+01,1.644609572752482176e+09,4.460624384067224391e-02,-7.980381877336351071e-01,-1.399790973411778827e+00,-7.980381877336351071e-01,-2.571678498661443601e+00,-3.571371148478352242e-01,7.750414756514603654e-02
2.160000000000000142e+01,1.644609572766655207e+09,5.116641338955023321e-02,-8.300879141486412482e-01,-1.825707178131797503e+00,-8.300879141486412482e-01,-2.647558404762102580e+00,-3.563364182114300838e-01,1.874267894689519987e-02
2.161666666666666714e+01,1.644609572785133839e+09,5.708541976967657777e-02,-8.941873669786521983e-01,-1.581199727274008149e+00,-8.941873669786521983e-01,-2.704698192208110807e+00,-3.565237088463251158e-01,-4.105145640465579504e-02
2.163333333333333286e+01,1.644609572799388885e+09,6.235932875491523308e-02,-9.262370933936571182e-01,-1.455002333282891192e+00,-9.262370933936571182e-01,-2.742466977013398033e+00,-3.577089529755428932e-01,-1.010112801155556156e-01
2.164999999999999858e+01,1.644609572818290472e+09,6.698790447874412857e-02,-9.262370933936571182e-01,-1.754721144011794465e+00,-9.262370933936571182e-01,-2.760399640599570326e+00,-3.598877226876155411e-01,-1.602764559700367575e-01
2.166666666666666785e+01,1.644609572834271908e+09,7.097462671963367109e-02,-9.262370933936571182e-01,-2.362046102594043795e+00,-9.262370933936571182e-01,-2.758201012165075294e+00,-3.630457559192791783e-01,-2.185257244976853419e-01
2.168333333333333357e+01,1.644609572852225304e+09,7.432668230062627890e-02,-9.582868198086632594e-01,-2.172750011607368581e+00,-9.582868198086632594e-01,-2.735748485833685351e+00,-3.671678904451007863e-01,-2.759708450659028589e-01
2.169999999999999929e+01,1.644609572869153738e+09,7.705493056033332899e-02,-9.262370933936571182e-01,-1.044860802811761857e+00,-9.262370933936571182e-01,-2.693093048989942950e+00,-3.722291909839179902e-01,-3.312317135668123025e-01
2.171666666666666501e+01,1.644609572888083458e+09,7.917384304737884460e-02,-9.262370933936571182e-01,-8.713393860739770957e-01,-9.262370933936571182e-01,-2.630458713382045399e+00,-3.781952222533325192e-01,-3.845439457436594655e-01
2.173333333333333428e+01,1.644609572903064489e+09,8.070141778467249116e-02,-9.262370933936571182e-01,-8.792267231984217668e-01,-9.262370933936571182e-01,-2.548240355819032743e+00,-3.850310711730137725e-01,-4.356160543108563710e-01
2.175000000000000000e+01,1.644609572921015501e+09,8.165906864171762480e-02,-9.262370933936571182e-01,-9.896494429406480497e-01,-9.262370933936571182e-01,-2.446999990461540264e+00,-3.926970844272503203e-01,-4.841706591208730925e-01
2.176666666666666572e+01,1.644609572935341358e+09,8.207149054136625432e-02,-9.582868198086632594e-01,-1.612749075771788165e+00,-9.582868198086632594e-01,-2.327461509656215899e+00,-4.011535507183326965e-01,-5.304766649875387596e-01
2.178333333333333144e+01,1.644609572955825567e+09,8.196650141035410897e-02,-9.582868198086632594e-01,-1.320917602167329674e+00,-9.582868198086632594e-01,-2.190503944847062012e+00,-4.103564713180344881e-01,-5.737535904654323948e-01
2.180000000000000071e+01,1.644609572971795321e+09,8.137486195914929443e-02,-9.262370933936571182e-01,-1.486551681780671208e+00,-9.262370933936571182e-01,-2.037153313172919589e+00,-4.202490889885248659e-01,-6.132508129043849898e-01
2.181666666666666643e+01,1.644609572988750935e+09,8.033007454500414035e-02,-9.262370933936571182e-01,-2.007115931994028379e+00,-9.262370933936571182e-01,-1.868573128789629445e+00,-4.307712539444095157e-01,-6.493088183182217366e-01
2.183333333333333215e+01,1.644609573006704807e+09,7.886816253091893936e-02,-9.262370933936571182e-01,-2.085989303238476200e+00,-9.262370933936571182e-01,-1.686053670609946487e+00,-4.418641956288560380e-01,-6.817540560338352096e-01
2.185000000000000142e+01,1.644609573022637844e+09,7.702743170160453179e-02,-9.262370933936571182e-01,-2.803736981562953368e+00,-9.262370933936571182e-01,-1.491000109911526206e+00,-4.534664690276771770e-01,-7.104390693567671500e-01
2.186666666666666714e+01,1.644609573039618492e+09,7.484821543417170819e-02,-9.262370933936571182e-01,-3.450498625767427274e+00,-9.262370933936571182e-01,-1.284919612007080936e+00,-4.655144000523285808e-01,-7.352437500887947230e-01
2.188333333333333286e+01,1.644609573056547642e+09,7.237260544503890114e-02,-9.262370933936571182e-01,-3.190216500660748800e+00,-9.262370933936571182e-01,-1.069407535801457421e+00,-4.779425497521344046e-01,-7.560763442089074582e-01
2.189999999999999858e+01,1.644609573073188543e+09,6.964417004472719941e-02,-9.262370933936571182e-01,-3.726555425122994869e+00,-9.262370933936571182e-01,-8.461328634795594050e-01,-4.906841931364986364e-01,-7.728742001057634647e-01
2.191666666666666785e+01,1.644609573091133595e+09,6.670766192756732993e-02,-8.621376405636461682e-01,-4.002612224478562908e+00,-8.621376405636461682e-01,-6.168229997026501987e-01,-5.036629548163598091e-01,-7.845447824303405371e-01
2.193333333333333357e+01,1.644609573109080791e+09,6.360871760352652948e-02,-8.300879141486412482e-01,-4.270781686709685943e+00,-8.300879141486412482e-01,-3.832480854628498301e-01,-5.167979260470703107e-01,-7.916320778598214813e-01
2.194999999999999929e+01,1.644609573125062466e+09,6.039355064343635004e-02,-8.300879141486412482e-01,-4.128809618469680309e+00,-8.300879141486412482e-01,-1.472049761088081998e-01,-5.300174375754483913e-01,-7.947007811690675050e-01
2.196666666666666501e+01,1.644609573145010471e+09,5.710864095658548661e-02,-8.300879141486412482e-01,-3.671344065251881172e+00,-8.300879141486412482e-01,8.949896403904211706e-02,-5.432549766418266479e-01,-7.938063912711825765e-01
2.198333333333333428e+01,1.644609573160344124e+09,5.380042235033147963e-02,-8.300879141486412482e-01,-3.758104773620773553e+00,-8.300879141486412482e-01,3.250620966346402518e-01,-5.564451966460725041e-01,-7.890332682255034591e-01
2.200000000000000000e+01,1.644609573177297354e+09,5.051497063518623626e-02,-7.980381877336351071e-01,-4.042048910100787928e+00,-7.980381877336351071e-01,5.577046200323589886e-01,-5.695199644400757988e-01,-7.799640598931880664e-01
2.201666666666666572e+01,1.644609573192236900e+09,4.729769453514216099e-02,-7.980381877336351071e-01,-3.994724887354118348e+00,-7.980381877336351071e-01,7.856844035675387694e-01,-5.824133427239968075e-01,-7.672765780120354151e-01
2.203333333333333144e+01,1.644609573211480618e+09,4.419303164239185566e-02,-8.300879141486412482e-01,-4.223457663963018582e+00,-8.300879141486412482e-01,1.007312396194080195e+00,-5.950708307331701308e-01,-7.516653486354381020e-01
2.205000000000000071e+01,1.644609573227692842e+09,4.124415161780826955e-02,-7.980381877336351071e-01,-4.176133641216349446e+00,-7.980381877336351071e-01,1.220967464753100140e+00,-6.074363509479764334e-01,-7.322510071369741080e-01
2.206666666666666643e+01,1.644609573244961500e+09,3.849266878401405578e-02,-7.659884613186302982e-01,-3.355850580274088557e+00,-7.659884613186302982e-01,1.425110523017257158e+00,-6.194483572577367259e-01,-7.092536331322367715e-01
2.208333333333333215e+01,1.644609573261287451e+09,3.597836618710867351e-02,-7.339387349036241570e-01,-3.489935311389650519e+00,-7.339387349036241570e-01,1.618297819857281494e+00,-6.310491405594851333e-01,-6.829135317479273493e-01
2.210000000000000142e+01,1.644609573278752565e+09,3.373893311653985982e-02,-6.698392820736143172e-01,-3.071906443794076402e+00,-6.698392820736143172e-01,1.799193263352989902e+00,-6.421807214621153559e-01,-6.529593844906409483e-01
2.211666666666666714e+01,1.644609573295709610e+09,3.180971797087885772e-02,-6.377895556586082870e-01,-3.529371997011875095e+00,-6.377895556586082870e-01,1.966579667319648284e+00,-6.527896576410483487e-01,-6.202039464506906574e-01
2.213333333333333286e+01,1.644609573311713219e+09,3.022349824133021418e-02,-5.736901028285972259e-01,-3.513597322762985975e+00,-5.736901028285972259e-01,2.119368817459168497e+00,-6.628272372880316121e-01,-5.844050548931979394e-01
2.214999999999999858e+01,1.644609573330664873e+09,2.901026925533493200e-02,-4.775409235835813559e-01,-3.276977209029641180e+00,-4.775409235835813559e-01,2.256610266061836345e+00,-6.722408772731809368e-01,-5.453402592000776705e-01
2.216666666666666785e+01,1.644609573344383717e+09,2.819705318089613805e-02,-3.813917443385642647e-01,-3.237540523407417936e+00,-3.813917443385642647e-01,2.377498776760132326e+00,-6.809788556251544778e-01,-5.033338303077447007e-01
2.218333333333333357e+01,1.644609573362338066e+09,2.780772963905320250e-02,-1.570436594335263836e-01,-2.795849644438508808e+00,-1.570436594335263836e-01,2.481380354152985745e+00,-6.889771935331073793e-01,-4.565965474878008745e-01
2.219999999999999929e+01,1.644609573379980803e+09,2.786288910876079383e-02,3.525469905650659153e-02,-3.363737917398533561e+00,3.525469905650659153e-02,2.567756807040249001e+00,-6.961645414002199939e-01,-4.060256745190756744e-01
2.221666666666666501e+01,1.644609573397929907e+09,2.837971013625874978e-02,1.955033311315334810e-01,-3.008807746798517702e+00,1.955033311315334810e-01,2.636288808397670991e+00,-7.024844269634837879e-01,-3.525092532969918424e-01
2.223333333333333428e+01,1.644609573413887262e+09,2.937186118147211422e-02,2.596027839615456800e-01,-1.833594515256242286e+00,2.596027839615456800e-01,2.686797429940037674e+00,-7.079039341634300042e-01,-2.979830758653524980e-01
2.225000000000000000e+01,1.644609573431816101e+09,3.084942774816495925e-02,3.557519632065603843e-01,-1.786270492509572927e+00,3.557519632065603843e-01,2.719264144020801410e+00,-7.124044384309876632e-01,-2.422323031440054564e-01
2.226666666666666572e+01,1.644609573449597120e+09,3.281886525416959771e-02,3.878016896215676357e-01,-1.920355223625134666e+00,3.878016896215676357e-01,2.733829300551034791e+00,-7.159770250068440145e-01,-1.866325333986057766e-01
2.228333333333333144e+01,1.644609573465925217e+09,3.528297790433033987e-02,4.198514160365725556e-01,-1.959791909247359243e+00,4.198514160365725556e-01,2.730789101445981970e+00,-7.186266214111632911e-01,-1.314722617029105978e-01
2.230000000000000071e+01,1.644609573482864618e+09,3.824092363343609829e-02,4.839508688665823399e-01,-1.841481852380686846e+00,4.839508688665823399e-01,2.710591109674202581e+00,-7.203584350264307101e-01,-7.649808177863010039e-02
2.231666666666666643e+01,1.644609573499812841e+09,4.168824499080416024e-02,6.121497745266043511e-01,-2.030777943367362059e+00,6.121497745266043511e-01,2.673828344154463021e+00,-7.211689761654882513e-01,-2.092123866155472939e-02
2.233333333333333215e+01,1.644609573518736601e+09,4.561692564393783622e-02,7.723984066016336136e-01,-1.825707178131797503e+00,7.723984066016336136e-01,2.621232025374570895e+00,-7.210460438960027973e-01,3.551633626856317422e-02
2.235000000000000142e+01,1.644609573533743620e+09,5.001547198717263415e-02,9.005973122616556248e-01,-1.967679246371803581e+00,9.005973122616556248e-01,2.553663049567501453e+00,-7.199819063275282316e-01,9.202320473057451489e-02
2.236666666666666714e+01,1.644609573551865816e+09,5.486901915401664470e-02,9.967464915066702735e-01,-1.825707178131797503e+00,9.967464915066702735e-01,2.472102281441154847e+00,-7.179817774162644550e-01,1.478372220351078514e-01
2.238333333333333286e+01,1.644609573569024563e+09,6.015946055047081964e-02,1.092895670751687476e+00,-2.338384091220709671e+00,1.092895670751687476e+00,2.377639766705000213e+00,-7.150588909802345627e-01,2.027565928900227910e-01
2.239999999999999858e+01,1.644609573585215807e+09,6.586559985222767422e-02,1.156995123581699536e+00,-1.904580549376245324e+00,1.156995123581699536e+00,2.271462975857011735e+00,-7.112340789304508748e-01,2.560727491642176279e-01
2.241666666666666785e+01,1.644609573601493359e+09,7.196332424276555284e-02,1.189044849996704567e+00,-2.038665280491807064e+00,1.189044849996704567e+00,2.154844199792007586e+00,-7.065397090495402210e-01,3.071098634464522470e-01
2.243333333333333357e+01,1.644609573620439291e+09,7.842579751322673043e-02,1.253144302826714185e+00,-1.999228594869583819e+00,1.253144302826714185e+00,2.029127225677057389e+00,-7.010102805117349734e-01,3.562849603837098811e-01
2.244999999999999929e+01,1.644609573638413429e+09,8.522367149971965539e-02,1.349293482071731276e+00,-2.267398057100706854e+00,1.349293482071731276e+00,1.895713428136124312e+00,-6.946732061215743492e-01,4.040313344970135612e-01
2.246666666666666501e+01,1.644609573653717518e+09,9.232531420053588511e-02,1.445442661316748589e+00,-2.046552617616251624e+00,1.445442661316748589e+00,1.756047416035082298e+00,-6.875529641492096333e-01,4.502692604805127452e-01
2.248333333333333428e+01,1.644609573672026396e+09,9.969705279561907885e-02,1.509542114146758207e+00,-2.101763977487365320e+00,1.509542114146758207e+00,1.611602379002296637e+00,-6.796795738547084520e-01,4.944149450718291483e-01
2.250000000000000000e+01,1.644609573687010050e+09,1.073034296844644214e-01,1.541591840561763238e+00,-2.472468822336271632e+00,1.541591840561763238e+00,1.463865280234166732e+00,-6.710924983719291914e-01,5.359188216023154094e-01
2.251666666666666572e+01,1.644609573705960512e+09,1.151074695672458376e-01,1.605691293391775298e+00,-1.912467886500689884e+00,1.605691293391775298e+00,1.314322043088050229e+00,-6.618312256879012034e-01,5.753244378596178432e-01
2.253333333333333144e+01,1.644609573721134424e+09,1.230709555180174858e-01,1.637741019806780329e+00,-1.817819841007352943e+00,1.637741019806780329e+00,1.164442878456131147e+00,-6.519349101170979210e-01,6.121311872598631521e-01
2.255000000000000071e+01,1.644609573738067865e+09,1.311547119388495608e-01,1.637741019806780329e+00,-1.549650378776229909e+00,1.637741019806780329e+00,1.015667897949968035e+00,-6.414507813640918377e-01,6.458705404694695673e-01
2.256666666666666643e+01,1.644609573756043673e+09,1.393188922403388874e-01,1.637741019806780329e+00,-1.478664344656226426e+00,1.637741019806780329e+00,8.693931545254295346e-01,-6.304291936944412811e-01,6.766345223720224844e-01
2.258333333333333215e+01,1.644609573771467924e+09,1.475232690671596791e-01,1.701840472636792390e+00,-1.928242560749580559e+00,1.701840472636792390e+00,7.269572473813601388e-01,-6.189099419997696749e-01,7.055952326776534500e-01
2.260000000000000142e+01,1.644609573790807724e+09,1.557275248774881715e-01,1.733890199051797421e+00,-2.582891542078499025e+00,1.733890199051797421e+00,5.896286218211623797e-01,-6.069265530418432864e-01,7.323371574009430729e-01
2.261666666666666714e+01,1.644609573805749893e+09,1.638915406923400209e-01,1.733890199051797421e+00,-2.504018170834049872e+00,1.733890199051797421e+00,4.585936873379716783e-01,-5.945192575570484861e-01,7.564712600226444206e-01
2.263333333333333286e+01,1.644609573823716164e+09,1.719756808549268157e-01,1.765939925466802229e+00,-2.149088000234034457e+00,1.765939925466802229e+00,3.349458685464055119e-01,-5.817257120170788998e-01,7.786924777162282929e-01
2.264999999999999858e+01,1.644609573841669559e+09,1.799410716807548494e-01,1.733890199051797421e+00,-2.093876640362920760e+00,1.733890199051797421e+00,2.196756938262904857e-01,-5.685852299528115772e-01,7.981114271999291132e-01
2.266666666666666785e+01,1.644609573858630180e+09,1.877498719362786228e-01,1.765939925466802229e+00,-3.537259334136319655e+00,1.765939925466802229e+00,1.136620157656811347e-01,-5.551339968233819366e-01,8.159868930910408880e-01
2.268333333333333357e+01,1.644609573876576900e+09,1.953655331567547560e-01,1.797989651881807038e+00,-3.529371997011875095e+00,1.797989651881807038e+00,1.766444579707693308e-02,-5.413961407387617442e-01,8.325099386344021468e-01
2.269999999999999929e+01,1.644609573892694235e+09,2.027530479019548082e-01,1.765939925466802229e+00,-3.553034008385208775e+00,1.765939925466802229e+00,-6.768292706423983951e-02,-5.274013976789769798e-01,8.468194788813268037e-01
2.271666666666666501e+01,1.644609573909671783e+09,2.098791841509909661e-01,1.797989651881807038e+00,-2.985145735425184021e+00,1.797989651881807038e+00,-1.418764766273428179e-01,-5.131759596484641861e-01,8.601959271050551026e-01
2.273333333333333428e+01,1.644609573925988197e+09,2.167127041537147136e-01,1.797989651881807038e+00,-2.953596386927404449e+00,1.797989651881807038e+00,-2.045465960178880493e-01,-4.987380844040865679e-01,8.723154361250761157e-01
2.275000000000000000e+01,1.644609573944911718e+09,2.232245661850262297e-01,1.797989651881807038e+00,-3.616132705380767476e+00,1.797989651881807038e+00,-2.554598412870483504e-01,-4.841069234581825698e-01,8.833931053557514401e-01
2.276666666666666572e+01,1.644609573958255053e+09,2.293881077892140907e-01,1.797989651881807038e+00,-4.262894349585241827e+00,1.797989651881807038e+00,-2.945196475188520679e-01,-4.692980597048953539e-01,8.936420750085134479e-01
2.278333333333333144e+01,1.644609573975584269e+09,2.351792092523541933e-01,1.797989651881807038e+00,-4.744021914176375532e+00,1.797989651881807038e+00,-3.217656172833438522e-01,-4.543235586104699686e-01,9.032713078240623972e-01
2.280000000000000071e+01,1.644609573993549109e+09,2.405764362015341551e-01,1.797989651881807038e+00,-3.900076841860781407e+00,1.797989651881807038e+00,-3.373713957167598920e-01,-4.391920557747973630e-01,9.124834425911405589e-01
2.281666666666666643e+01,1.644609574010495901e+09,2.455611603980356050e-01,1.797989651881807038e+00,-3.434723951518537710e+00,1.797989651881807038e+00,-3.416411607719179733e-01,-4.239088794864039333e-01,9.214727411545786673e-01
2.283333333333333215e+01,1.644609574028447390e+09,2.501176579669718292e-01,1.797989651881807038e+00,-3.797541459242998130e+00,1.797989651881807038e+00,-3.350047711261981975e-01,-4.084762065402403053e-01,9.304231495543417996e-01
2.285000000000000142e+01,1.644609574044404507e+09,2.542331844863704449e-01,1.797989651881807038e+00,-3.742330099371884433e+00,1.797989651881807038e+00,-3.180116277230480293e-01,-3.928932492541755139e-01,9.395064926709230102e-01
2.286666666666666714e+01,1.644609574062670708e+09,2.578980265431154995e-01,1.797989651881807038e+00,-4.207682989714127686e+00,1.797989651881807038e+00,-2.913233178232351728e-01,-3.771564713093712440e-01,9.488808202937616398e-01
2.288333333333333286e+01,1.644609574080066681e+09,2.611055295500617768e-01,1.797989651881807038e+00,-2.078101966114031640e+00,1.797989651881807038e+00,-2.557051226220594664e-01,-3.612598297547681692e-01,9.586889208934876727e-01
2.289999999999999858e+01,1.644609574097047567e+09,2.638521018062741641e-01,1.797989651881807038e+00,-3.008807746798517702e+00,1.797989651881807038e+00,-2.120164808315746496e-01,-3.451950402595816425e-01,9.690570175824716470e-01
2.291666666666666785e+01,1.644609574115287781e+09,2.661371949696674788e-01,1.765939925466802229e+00,-3.119230466540745983e+00,1.765939925466802229e+00,-1.612005110160690813e-01,-3.289562891966977820e-01,9.795639234270999696e-01
2.293333333333333357e+01,1.644609574131554604e+09,2.679632612963935290e-01,1.669790746221785138e+00,-3.742330099371884433e+00,1.669790746221785138e+00,-1.042727048051997341e-01,-3.125492915310951747e-01,9.892488931184404422e-01
2.294999999999999929e+01,1.644609574149812460e+09,2.693356881829643279e-01,1.477492387731753398e+00,-3.300639220402974860e+00,1.477492387731753398e+00,-4.230891129624719804e-02,-2.960002172719649050e-01,9.966195434665685582e-01
2.296666666666666501e+01,1.644609574167166471e+09,2.702627107239014004e-01,1.317243755656726467e+00,-3.269089871905196176e+00,1.317243755656726467e+00,2.356726008336412770e-02,-2.793423516496300607e-01,1.002308528106568453e+00
2.298333333333333428e+01,1.644609574185344696e+09,2.707553031679936772e-01,1.124945397166692285e+00,-2.827398992936287048e+00,1.124945397166692285e+00,9.219748531816879256e-02,-2.626075364862976991e-01,1.005859427651317084e+00
2.300000000000000000e+01,1.644609574202450037e+09,2.708270503190507994e-01,9.967464915066702735e-01,-3.261202534780752060e+00,9.967464915066702735e-01,1.624020829068188732e-01,-2.458220403186714142e-01,1.008393074390582234e+00
2.301666666666666572e+01,1.644609574218439102e+09,2.704940000808172540e-01,8.364978594316434535e-01,-3.695006076625214853e+00,8.364978594316434535e-01,2.329935421626776471e-01,-2.290070501473887021e-01,1.009402940912538238e+00
2.303333333333333144e+01,1.644609574234712839e+09,2.697744984893510334e-01,7.082989537716214423e-01,-3.679231402376325732e+00,7.082989537716214423e-01,3.027900810577748292e-01,-2.121834349147132814e-01,1.009430809593686140e+00
2.305000000000000071e+01,1.644609574252492189e+09,2.686890087086165058e-01,5.480503216965945112e-01,-3.537259334136319655e+00,5.480503216965945112e-01,3.706290918969530335e-01,-1.953721227162497076e-01,1.007930820955114992e+00
2.306666666666666643e+01,1.644609574268423557e+09,2.672599155851478336e-01,4.519011424515774755e-01,-3.095568455167410082e+00,4.519011424515774755e-01,4.353803344874740411e-01,-1.785899398479271760e-01,1.005936662702443307e+00
2.308333333333333215e+01,1.644609574284102440e+09,2.655113174645473695e-01,3.557519632065603843e-01,-3.568808682634099672e+00,3.557519632065603843e-01,4.959587392679104534e-01,-1.618456305694674635e-01,1.003387531798558108e+00
2.310000000000000142e+01,1.644609574302171946e+09,2.634688070654634395e-01,1.955033311315334810e-01,-2.922047038429625321e+00,1.955033311315334810e-01,5.513366870513525253e-01,-1.451579395100819070e-01,9.991471743755540036e-01
2.311666666666666714e+01,1.644609574320101500e+09,2.611592432848511280e-01,3.204972641501691987e-03,-2.716976273194060987e+00,3.204972641501691987e-03,6.005556375765294108e-01,-1.285600975933506307e-01,9.926120092957898544e-01
2.313333333333333286e+01,1.644609574338028193e+09,2.586105158710809149e-01,-2.852425650935483947e-01,-2.953596386927404449e+00,-2.852425650935483947e-01,6.427369858924422141e-01,-1.121042868633160411e-01,9.821144389124034646e-01
2.314999999999999858e+01,1.644609574353520155e+09,2.558513049485143798e-01,-5.416403764135924170e-01,-2.393595451091823811e+00,-5.416403764135924170e-01,6.770920336569872244e-01,-9.585265436730711075e-02,9.681203340371178356e-01
2.316666666666666785e+01,1.644609574369696140e+09,2.529108374079624411e-01,-6.698392820736143172e-01,-2.093876640362920760e+00,-6.698392820736143172e-01,7.029309716253255846e-01,-7.984646208961716785e-02,9.526656699186231148e-01
2.318333333333333357e+01,1.644609574387647390e+09,2.498186421920265965e-01,-8.300879141486412482e-01,-1.770495818260683585e+00,-8.300879141486412482e-01,7.196707798474193396e-01,-6.411553445167332554e-02,9.350944567089922721e-01
2.319999999999999929e+01,1.644609574405590057e+09,2.466043065023159064e-01,-9.582868198086632594e-01,-1.841481852380686846e+00,-9.582868198086632594e-01,7.268419632847005207e-01,-4.869174983187003758e-02,9.158132578137896385e-01
2.321666666666666501e+01,1.644609574420530081e+09,2.432972349372890530e-01,-1.054435999053679129e+00,-1.589087064398452931e+00,-1.054435999053679129e+00,7.240940525747135981e-01,-3.360031511358600731e-02,8.952161239875228160e-01
2.323333333333333428e+01,1.644609574439363003e+09,2.399264135349307714e-01,-1.182634904713701030e+00,-1.391903636287332935e+00,-1.182634904713701030e+00,7.111998124053576786e-01,-1.886880892837500268e-02,8.726273662638394102e-01
2.325000000000000000e+01,1.644609574457314968e+09,2.365201806440571652e-01,-1.246734357543712202e+00,-1.494439018905115768e+00,-1.246734357543712202e+00,6.880581132740241079e-01,-4.522711859510506610e-03,8.489699984571468239e-01
2.326666666666666572e+01,1.644609574474246740e+09,2.331060064822257916e-01,-1.342883536788729293e+00,-1.849369189505131184e+00,-1.342883536788729293e+00,6.546954361689868440e-01,9.414475071133160400e-03,8.235630098495074769e-01
2.328333333333333144e+01,1.644609574490226746e+09,2.297102831574323045e-01,-1.471082442448751193e+00,-1.549650378776229909e+00,-1.471082442448751193e+00,6.112659937825227763e-01,2.290801602452356700e-02,7.957391947516799791e-01
2.330000000000000071e+01,1.644609574509153843e+09,2.263581268358658416e-01,-1.599281348108773093e+00,-1.502326356029560550e+00,-1.599281348108773093e+00,5.580504661049534576e-01,3.591661271345494844e-02,7.653767500293515713e-01
2.331666666666666643e+01,1.644609574525434017e+09,2.230731936295701212e-01,-1.695430527353789074e+00,-1.052748139936206639e+00,-1.695430527353789074e+00,4.954533625132053754e-01,4.840143621723398681e-02,7.328923071115628352e-01
2.333333333333333215e+01,1.644609574540639162e+09,2.198775106569595406e-01,-1.759529980183800024e+00,-7.214799807095249040e-01,-1.759529980183800024e+00,4.239990366131262123e-01,6.033061635095884889e-02,6.987042779183267882e-01
2.335000000000000142e+01,1.644609574557595015e+09,2.167913235967484642e-01,-1.759529980183800024e+00,0.000000000000000000e+00,-1.759529980183800024e+00,3.443263939777030380e-01,7.168371364062563200e-02,6.637644541918916730e-01
2.336666666666666714e+01,1.644609574575511694e+09,2.138329619129344383e-01,-1.759529980183800024e+00,0.000000000000000000e+00,-1.759529980183800024e+00,2.571823464068592191e-01,8.244727006140603609e-02,6.279617705414956008e-01
2.338333333333333286e+01,1.644609574592513084e+09,2.110187227763812290e-01,-1.791579706598805055e+00,-7.845786777050833827e-01,-1.791579706598805055e+00,1.634140792780627294e-01,9.260168212849564928e-02,5.906712646857269489e-01
2.339999999999999858e+01,1.644609574610444784e+09,2.083627745484039062e-01,-1.759529980183800024e+00,-6.662686208384109854e-01,-1.759529980183800024e+00,6.396021083481684411e-02,1.021304264542018114e-01,5.528830242042044318e-01
2.341666666666666785e+01,1.644609574626403332e+09,2.058770805249046099e-01,-1.759529980183800024e+00,-5.873952495939631646e-01,-1.759529980183800024e+00,-4.015906625411103104e-02,1.110202050960091003e-01,5.139984281217653272e-01
2.343333333333333357e+01,1.644609574643358946e+09,2.035713434673841471e-01,-1.759529980183800024e+00,0.000000000000000000e+00,-1.759529980183800024e+00,-1.478527601565499117e-01,1.192524031895177417e-01,4.739765176892508647e-01
2.344999999999999929e+01,1.644609574662274361e+09,2.014529712710770304e-01,-1.759529980183800024e+00,0.000000000000000000e+00,-1.759529980183800024e+00,-2.579706614859104130e-01,1.268078877492459233e-01,4.327960224350275165e-01
2.346666666666666501e+01,1.644609574678101301e+09,1.995270639416924230e-01,-1.759529980183800024e+00,0.000000000000000000e+00,-1.759529980183800024e+00,-3.693156123352318021e-01,1.336673395717868917e-01,3.904558107371693398e-01
2.348333333333333428e+01,1.644609574697100639e+09,1.977964218726764034e-01,-1.791579706598805055e+00,0.000000000000000000e+00,-1.791579706598805055e+00,-4.806563365579717972e-01,1.398071640899400114e-01,3.464453854997365800e-01
2.350000000000000000e+01,1.644609574713229895e+09,1.962615752354471832e-01,-1.791579706598805055e+00,0.000000000000000000e+00,-1.791579706598805055e+00,-5.907406991365892202e-01,1.452043553556080224e-01,3.013428541384786663e-01
2.351666666666666572e+01,1.644609574729235888e+09,1.949208341177193493e-01,-1.759529980183800024e+00,0.000000000000000000e+00,-1.759529980183800024e+00,-6.983092578277158013e-01,1.498456366505958592e-01,2.557375855432988954e-01
2.353333333333333144e+01,1.644609574746189833e+09,1.937703588707980484e-01,-1.791579706598805055e+00,0.000000000000000000e+00,-1.791579706598805055e+00,-8.021089670051572140e-01,1.537143655662891462e-01,2.086407120675395910e-01
2.355000000000000071e+01,1.644609574762439489e+09,1.928042499573136004e-01,-1.791579706598805055e+00,0.000000000000000000e+00,-1.791579706598805055e+00,-9.009068917629844409e-01,1.567910056157193477e-01,1.606892953787462108e-01
2.356666666666666643e+01,1.644609574778869152e+09,1.920146564274898271e-01,-1.791579706598805055e+00,-6.741559579628569887e-01,-1.791579706598805055e+00,-9.935037899216727642e-01,1.590622889308255516e-01,1.119999537882986895e-01
2.358333333333333215e+01,1.644609574794114828e+09,1.913919019960605428e-01,-1.791579706598805055e+00,-8.555647118250864214e-01,-1.791579706598805055e+00,-1.078747420597314211e+00,1.605170343227763363e-01,6.270642294307926523e-02
2.360000000000000142e+01,1.644609574814010620e+09,1.909246275446796759e-01,-1.791579706598805055e+00,-7.293673178339693530e-01,-1.791579706598805055e+00,-1.155545440443381366e+00,1.611464219335620451e-01,1.295828288159045494e-02
2.361666666666666714e+01,1.644609574833578587e+09,1.905999487372276868e-01,-1.791579706598805055e+00,-9.265507459450895711e-01,-1.791579706598805055e+00,-1.222877752530736828e+00,1.609442451420420583e-01,-3.708049797904858225e-02
2.363333333333333286e+01,1.644609574849525213e+09,1.904036273089524389e-01,-1.791579706598805055e+00,-9.738747686917587076e-01,-1.791579706598805055e+00,-1.279808178061498714e+00,1.599071367921108544e-01,-8.723318770678910317e-02
2.364999999999999858e+01,1.644609574864507198e+09,1.903202544759718673e-01,-1.791579706598805055e+00,-7.451419920828601384e-01,-1.791579706598805055e+00,-1.325495327657386424e+00,1.580347670626818246e-01,-1.373120685482966119e-01
2.366666666666666785e+01,1.644609574884297609e+09,1.903334448100666987e-01,-1.791579706598805055e+00,-8.713393860739770957e-01,-1.791579706598805055e+00,-1.359202556770047865e+00,1.553300105799334530e-01,-1.871203497883624500e-01
2.368333333333333357e+01,1.644609574901230335e+09,1.904260388359932388e-01,-1.791579706598805055e+00,-9.502127573184248055e-01,-1.791579706598805055e+00,-1.380306898740914390e+00,1.517990806789316083e-01,-2.364541966430225850e-01
2.369999999999999929e+01,1.644609574920907974e+09,1.905803125351695493e-01,-1.791579706598805055e+00,-1.313030265042885114e+00,-1.791579706598805055e+00,-1.388306879113791803e+00,1.474516290512816463e-01,-2.851048547772492281e-01
2.371666666666666501e+01,1.644609574936858416e+09,1.907781918813988287e-01,-1.791579706598805055e+00,-1.249931568047326635e+00,-1.791579706598805055e+00,-1.382829125866754882e+00,1.423008093645830585e-01,-3.328608489649766411e-01
2.373333333333333428e+01,1.644609574954174757e+09,1.910014704914868300e-01,-1.791579706598805055e+00,-1.549650378776229909e+00,-1.791579706598805055e+00,-1.363633702177033946e+00,1.363633038046664081e-01,-3.795102335513239611e-01
2.375000000000000000e+01,1.644609574970132113e+09,1.912320284468566611e-01,-1.791579706598805055e+00,-1.368241624913998811e+00,-1.791579706598805055e+00,-1.330618101041839862e+00,1.296593118692223601e-01,-4.248428717432239932e-01
2.376666666666666572e+01,1.644609574986438274e+09,1.914520503314590116e-01,-1.791579706598805055e+00,-1.447114996158446631e+00,-1.791579706598805055e+00,-1.283819854425391593e+00,1.222125011276937040e-01,-4.686527203520985951e-01
2.378333333333333144e+01,1.644609575003398895e+09,1.916442405367475010e-01,-1.791579706598805055e+00,-1.415565647660668169e+00,-1.791579706598805055e+00,-1.223417723454000683e+00,1.140499200533022089e-01,-5.107400964452538661e-01
2.380000000000000071e+01,1.644609575020449400e+09,1.917920339060976975e-01,-1.791579706598805055e+00,-9.107760716962002290e-01,-1.791579706598805055e+00,-1.149731450399687382e+00,1.052018734248794246e-01,-5.509139024334726020e-01
2.381666666666666643e+01,1.644609575037839651e+09,1.918797998286357609e-01,-1.791579706598805055e+00,-9.975367800650926098e-01,-1.791579706598805055e+00,-1.063220067636963639e+00,9.570176118480219762e-02,-5.889937864306581394e-01
2.383333333333333215e+01,1.644609575053376198e+09,1.918930379456573743e-01,-1.791579706598805055e+00,-7.372546549584140241e-01,-1.791579706598805055e+00,-9.644787732834456673e-01,8.558588202086217511e-02,-6.248122152647556105e-01
2.385000000000000142e+01,1.644609575070156574e+09,1.918185637014396538e-01,-1.791579706598805055e+00,-9.265507459450895711e-01,-1.791579706598805055e+00,-8.542343976967752273e-01,7.489320331044825585e-02,-6.582164382926013468e-01
2.386666666666666714e+01,1.644609575085498095e+09,1.916446820533524997e-01,-1.759529980183800024e+00,-1.084297488433986434e+00,-1.759529980183800024e+00,-7.333394992559727488e-01,6.366952614542263633e-02,-6.885405857849052902e-01
2.388333333333333286e+01,1.644609575105411291e+09,1.913613477536027507e-01,-1.759529980183800024e+00,-1.249931568047326635e+00,-1.759529980183800024e+00,-6.027651417592155836e-01,5.196266990398475810e-02,-7.162053149091843762e-01
2.389999999999999858e+01,1.644609575120371580e+09,1.909603107253054488e-01,-1.695430527353789074e+00,-1.115846836931764896e+00,-1.695430527353789074e+00,-4.635924191854939869e-01,3.982663196429316738e-02,-7.400529927451474643e-01
2.391666666666666785e+01,1.644609575136671543e+09,1.904352451786136546e-01,-1.599281348108773093e+00,-1.502326356029560550e+00,-1.599281348108773093e+00,-3.170028063591010525e-01,2.732995378357810229e-02,-7.594943838055636665e-01
2.393333333333333357e+01,1.644609575152637243e+09,1.897818612468928356e-01,-1.599281348108773093e+00,-1.368241624913998811e+00,-1.599281348108773093e+00,-1.642674260954527510e-01,1.453303356008929341e-02,-7.760899431521453007e-01
2.394999999999999929e+01,1.644609575170073748e+09,1.889979980674552640e-01,-1.535181895278762143e+00,-1.336692276416220349e+00,-1.535181895278762143e+00,-6.735334572260831543e-03,1.492424727255603836e-03,-7.887479548168286891e-01
2.396666666666666501e+01,1.644609575187298298e+09,1.880836973851752192e-01,-1.535181895278762143e+00,-9.817621058162033787e-01,-1.535181895278762143e+00,1.541790631498668462e-01,-1.173517705886400510e-02,-7.985370668995239729e-01
2.398333333333333428e+01,1.644609575205272436e+09,1.870412569189010554e-01,-1.535181895278762143e+00,-6.189445980917431811e-01,-1.535181895278762143e+00,3.170093464407705564e-01,-2.510208843600742618e-02,-8.054730313363470673e-01
2.400000000000000000e+01,1.644609575224174738e+09,1.858752628987909161e-01,-1.503132168863756002e+00,-1.092184825558430994e+00,-1.503132168863756002e+00,4.802510323227543454e-01,-3.855666747425112728e-02,-8.090664712404533887e-01
2.401666666666666572e+01,1.644609575240266085e+09,1.845926013561783041e-01,-1.439032716033745052e+00,-1.171058196802878815e+00,-1.439032716033745052e+00,6.423760130250750766e-01,-5.203939461821172063e-02,-8.088613558133039838e-01
2.403333333333333144e+01,1.644609575255815029e+09,1.832024479248686444e-01,-1.342883536788729293e+00,-1.557537715900674247e+00,-1.342883536788729293e+00,8.018473369768175374e-01,-6.548342507091617359e-02,-8.044345953574647545e-01
2.405000000000000071e+01,1.644609575274791479e+09,1.817162360924692854e-01,-1.310833810373723152e+00,-1.951904572122914461e+00,-1.310833810373723152e+00,9.571341884097059882e-01,-7.882841258744505142e-02,-7.969846015403361239e-01
2.406666666666666643e+01,1.644609575290539265e+09,1.801476040210002461e-01,-1.214684631128707171e+00,-2.196412022980703593e+00,-1.214684631128707171e+00,1.106726918233124968e+00,-9.201632054211980605e-02,-7.855959888005877856e-01
2.408333333333333215e+01,1.644609575306495428e+09,1.785123202361959815e-01,-1.118535451883690079e+00,-1.983453920620692923e+00,-1.118535451883690079e+00,1.249151977790069035e+00,-1.049830392924346184e-01,-7.704523279518332712e-01
2.410000000000000142e+01,1.644609575325443268e+09,1.768281886630660993e-01,-9.903365462236681793e-01,-1.833594515256242286e+00,-9.903365462236681793e-01,1.382986607516056843e+00,-1.176632631426081654e-01,-7.512279364134532011e-01
2.411666666666666714e+01,1.644609575340437889e+09,1.751149336600244522e-01,-9.262370933936571182e-01,-1.596974401522898823e+00,-9.262370933936571182e-01,1.506873134396812475e+00,-1.299997710323765043e-01,-7.292141611736322471e-01
2.413333333333333286e+01,1.644609575358377934e+09,1.733940658738448992e-01,-8.621376405636461682e-01,-1.731059132638460563e+00,-8.621376405636461682e-01,1.619532735450971206e+00,-1.419480091730480342e-01,-7.046426714515052758e-01
2.414999999999999858e+01,1.644609575376331329e+09,1.716887299013627743e-01,-8.300879141486412482e-01,-1.951904572122914461e+00,-8.300879141486412482e-01,1.719778529207701023e+00,-1.534718435881805565e-01,-6.782906601187217444e-01
2.416666666666666785e+01,1.644609575394280672e+09,1.700235349000014107e-01,-7.659884613186302982e-01,-1.825707178131797503e+00,-7.659884613186302982e-01,1.806527863267251011e+00,-1.645392822576731695e-01,-6.498808980834187565e-01
2.418333333333333357e+01,1.644609575411204576e+09,1.684243694365185062e-01,-7.659884613186302982e-01,-1.762608481136238803e+00,-7.659884613186302982e-01,1.878813673471495971e+00,-1.751271647115780761e-01,-6.207459287602994369e-01
2.419999999999999929e+01,1.644609575425889015e+09,1.669182020006131917e-01,-7.339387349036241570e-01,-1.809932503882908161e+00,-7.339387349036241570e-01,1.935794798890047463e+00,-1.852211914942523407e-01,-5.906209675778514301e-01
2.421666666666666501e+01,1.644609575445298672e+09,1.655328687361857509e-01,-6.698392820736143172e-01,-2.235848708602926838e+00,-6.698392820736143172e-01,1.976765146672561091e+00,-1.948027841719350561e-01,-5.592572771568529166e-01
2.423333333333333428e+01,1.644609575461507797e+09,1.642968500569356449e-01,-6.057398292436033671e-01,-2.362046102594043795e+00,-6.057398292436033671e-01,2.001161611725571721e+00,-2.038537575441700667e-01,-5.269492740765850947e-01
2.425000000000000000e+01,1.644609575477765083e+09,1.632390379137142189e-01,-5.416403764135924170e-01,-1.794157829634018819e+00,-5.416403764135924170e-01,2.008570668044762808e+00,-2.123608498049424642e-01,-4.939933436219598462e-01
2.426666666666666572e+01,1.644609575495743275e+09,1.623884955678865094e-01,-4.454911971685752703e-01,-1.210494882425103391e+00,-4.454911971685752703e-01,1.998733561247895585e+00,-2.203113069811824531e-01,-4.601555137110645011e-01
2.428333333333333144e+01,1.644609575511700392e+09,1.617742117969761806e-01,-3.493420179235594003e-01,-9.344380830695340201e-01,-3.493420179235594003e-01,1.971550045293554820e+00,-2.276929484516999891e-01,-4.257370717843803609e-01
2.430000000000000071e+01,1.644609575528310537e+09,1.614248515156068153e-01,-2.531928386785423091e-01,-9.817621058162033787e-01,-2.531928386785423091e-01,1.927080620398137434e+00,-2.344985650823546985e-01,-3.910333254583990836e-01
2.431666666666666643e+01,1.644609575544545650e+09,1.613685048357236251e-01,-1.570436594335263836e-01,-1.163170859678434255e+00,-1.570436594335263836e-01,1.865547243648197684e+00,-2.407257980877555437e-01,-3.563310327160870705e-01
2.433333333333333215e+01,1.644609575561795712e+09,1.616324366147601777e-01,3.525469905650659153e-02,-1.360354287789554251e+00,3.525469905650659153e-02,1.787332498598445119e+00,-2.463636953598273838e-01,-3.203166821497660521e-01
2.435000000000000142e+01,1.644609575577763557e+09,1.622428385487625635e-01,1.314038783015236689e-01,-1.084297488433986434e+00,1.314038783015236689e-01,1.692977225109725259e+00,-2.514060800007060781e-01,-2.848679457853665609e-01
2.436666666666666714e+01,1.644609575593758106e+09,1.632245858593565635e-01,2.596027839615456800e-01,-7.924660148295278317e-01,2.596027839615456800e-01,1.583176625663509585e+00,-2.558600073827648202e-01,-2.497010282428902272e-01
2.438333333333333286e+01,1.644609575613680601e+09,1.646010005986080216e-01,4.198514160365725556e-01,-7.845786777050833827e-01,4.198514160365725556e-01,1.458774879247081380e+00,-2.597277255549134689e-01,-2.145228718160140102e-01
2.439999999999999858e+01,1.644609575630635977e+09,1.663936235549614562e-01,4.839508688665823399e-01,-1.281480916545106430e+00,4.839508688665823399e-01,1.320758308487025801e+00,-2.630242094136771014e-01,-1.811479016680235810e-01
2.441666666666666785e+01,1.644609575647788048e+09,1.686219966862541331e-01,5.480503216965945112e-01,-1.581199727274008149e+00,5.480503216965945112e-01,1.170247159879747034e+00,-2.657809887640419366e-01,-1.497528309580530848e-01
2.443333333333333357e+01,1.644609575662747622e+09,1.713034579331102480e-01,5.801000481115994312e-01,-9.817621058162033787e-01,5.801000481115994312e-01,1.008486070579306171e+00,-2.680367690369029332e-01,-1.210206153736770179e-01
2.444999999999999929e+01,1.644609575682648420e+09,1.744529501782834946e-01,6.121497745266043511e-01,-9.028887345717556689e-01,6.121497745266043511e-01,8.368333081301871923e-01,-2.698369295989723193e-01,-9.507073676732780143e-02
2.446666666666666501e+01,1.644609575697915792e+09,1.780828460151875348e-01,6.121497745266043511e-01,-9.423254201939801344e-01,6.121497745266043511e-01,6.567488816378059813e-01,-2.712330497452946076e-01,-7.252630568493199925e-02
2.448333333333333428e+01,1.644609575713301897e+09,1.822027898730259332e-01,6.121497745266043511e-01,-9.975367800650926098e-01,6.121497745266043511e-01,4.697816340443444760e-01,-2.722823672311759924e-01,-5.344479805620148960e-02
2.450000000000000000e+01,1.644609575733698606e+09,1.868195589172913507e-01,5.801000481115994312e-01,-8.240153633273078482e-01,5.801000481115994312e-01,2.775554353000747043e-01,-2.730472722399568952e-01,-3.838563499055937245e-02
2.451666666666666572e+01,1.644609575750049353e+09,1.919369440039350172e-01,6.121497745266043511e-01,0.000000000000000000e+00,6.121497745266043511e-01,8.175460519991412101e-02,-2.735858885609085411e-01,-2.628194567416575200e-02
2.453333333333333144e+01,1.644609575765008211e+09,1.975556518144437890e-01,6.121497745266043511e-01,-6.347192723406324122e-01,6.121497745266043511e-01,-1.158912976059419953e-01,-2.739517474449099099e-01,-1.764511217482003097e-02
2.455000000000000071e+01,1.644609575781984806e+09,2.036732291383997473e-01,6.121497745266043511e-01,0.000000000000000000e+00,6.121497745266043511e-01,-3.136231774871026667e-01,-2.742021628535863398e-01,-1.241925348215192765e-02
2.456666666666666643e+01,1.644609575797686100e+09,2.102840101012086738e-01,6.121497745266043511e-01,-6.031699238428525067e-01,6.121497745266043511e-01,-5.096684466066336849e-01,-2.743932802859868625e-01,-1.052011391775189292e-02
2.458333333333333215e+01,1.644609575816457272e+09,2.173790869588679286e-01,6.121497745266043511e-01,-9.107760716962002290e-01,6.121497745266043511e-01,-7.022572609820429967e-01,-2.745796081655560994e-01,-1.183557747910662754e-02
2.460000000000000142e+01,1.644609575832429647e+09,2.249463049001639847e-01,6.121497745266043511e-01,-9.659874315673141476e-01,6.121497745266043511e-01,-8.896387940678376349e-01,-2.748135599761789005e-01,-1.622644266083770118e-02
2.461666666666666714e+01,1.644609575849382877e+09,2.329702811111412364e-01,6.121497745266043511e-01,-6.820432950873015487e-01,6.121497745266043511e-01,-1.070097393424366050e+00,-2.751450114364608623e-01,-2.352745151551844521e-02
2.463333333333333286e+01,1.644609575867311954e+09,2.414324481684261281e-01,6.762492273566165224e-01,-5.558459010961847024e-01,6.762492273566165224e-01,-1.241968466865728260e+00,-2.756120234286819071e-01,-3.248909351511590493e-02
2.464999999999999858e+01,1.644609575884289503e+09,2.503111216384257265e-01,7.082989537716214423e-01,0.000000000000000000e+00,7.082989537716214423e-01,-1.403653946797949414e+00,-2.762450636893920008e-01,-4.344530313817795975e-02
2.466666666666666785e+01,1.644609575902243376e+09,2.595815915702213150e-01,7.082989537716214423e-01,-7.214799807095249040e-01,7.082989537716214423e-01,-1.553637185241063978e+00,-2.770799099264109056e-01,-5.669942742564978294e-02
2.468333333333333357e+01,1.644609575919148922e+09,2.692162373824976140e-01,8.044481330166385336e-01,-8.950013974473109979e-01,8.044481330166385336e-01,-1.690497137249276749e+00,-2.781394505608751899e-01,-7.040737019506279615e-02
2.469999999999999929e+01,1.644609575938288450e+09,2.791846654605991684e-01,8.044481330166385336e-01,-1.297255590793995772e+00,8.044481330166385336e-01,-1.812921697041189661e+00,-2.794424729015526632e-01,-8.591224058812786668e-02
2.471666666666666501e+01,1.644609575953248978e+09,2.894538686002520733e-01,8.364978594316434535e-01,-1.541763041651785127e+00,8.364978594316434535e-01,-1.919720059073966922e+00,-2.810120925271949455e-01,-1.023963242898576209e-01
2.473333333333333428e+01,1.644609575971584082e+09,2.999884062610643776e-01,8.044481330166385336e-01,-2.062327291865142076e+00,8.044481330166385336e-01,-2.009833985456542571e+00,-2.828710433960139881e-01,-1.206271376283703095e-01
2.475000000000000000e+01,1.644609575989552021e+09,3.107506044270060275e-01,8.364978594316434535e-01,-1.644298424269566627e+00,8.364978594316434535e-01,-2.082347871415787921e+00,-2.850369120346799567e-01,-1.392254358561067218e-01
2.476666666666666572e+01,1.644609576006894588e+09,3.217007737138907753e-01,8.364978594316434535e-01,-1.596974401522898823e+00,8.364978594316434535e-01,-2.136497511903794333e+00,-2.875176626796069890e-01,-1.584113460857155542e-01
2.478333333333333144e+01,1.644609576022834301e+09,3.327974442168463720e-01,8.044481330166385336e-01,-1.723171795514014670e+00,8.044481330166385336e-01,-2.171677484750655474e+00,-2.903248143271410786e-01,-1.783913503004150858e-01
2.480000000000000071e+01,1.644609576038787842e+09,3.439976154549482801e-01,8.364978594316434535e-01,-2.156975337358479017e+00,8.364978594316434535e-01,-2.187447078912805765e+00,-2.934599577767785239e-01,-1.977720271754636883e-01
2.481666666666666643e+01,1.644609576056739807e+09,3.552570196465700270e-01,8.364978594316434535e-01,-1.873031200878466862e+00,8.364978594316434535e-01,-2.183534710208795193e+00,-2.969148952605888403e-01,-2.167677038712725879e-01
2.483333333333333215e+01,1.644609576074713469e+09,3.665303964390099756e-01,8.364978594316434535e-01,-1.833594515256242286e+00,8.364978594316434535e-01,-2.159840781340544247e+00,-3.006805310463745440e-01,-2.350577834506352159e-01
2.485000000000000142e+01,1.644609576093245268e+09,3.777717771196922869e-01,8.044481330166385336e-01,-1.731059132638460563e+00,8.044481330166385336e-01,-2.116438957828623124e+00,-3.047469072995832029e-01,-2.528579209442929909e-01
2.486666666666666714e+01,1.644609576108177662e+09,3.889347762554432042e-01,8.364978594316434535e-01,-1.880918538002911200e+00,8.364978594316434535e-01,-2.053575846600006916e+00,-3.090943845386530109e-01,-2.687950768246959443e-01
2.488333333333333286e+01,1.644609576126154900e+09,3.999728886408672746e-01,8.364978594316434535e-01,-2.007115931994028379e+00,8.364978594316434535e-01,-1.971669079210690345e+00,-3.136939667908928420e-01,-2.831150149021068874e-01
2.489999999999999858e+01,1.644609576142113209e+09,4.108397893876252205e-01,8.364978594316434535e-01,-1.825707178131797503e+00,8.364978594316434535e-01,-1.871303816912989637e+00,-3.185163743006557691e-01,-2.955393733503663967e-01
2.491666666666666785e+01,1.644609576160100698e+09,4.214896349538869158e-01,8.044481330166385336e-01,-2.117538651736254440e+00,8.044481330166385336e-01,-1.753227709843517168e+00,-3.235322563860140721e-01,-3.063364842121227283e-01
2.493333333333333357e+01,1.644609576178051710e+09,4.318773628974607037e-01,8.364978594316434535e-01,-2.156975337358479017e+00,8.364978594316434535e-01,-1.618344357362949459e+00,-3.287035421365768206e-01,-3.141959734270817761e-01
2.494999999999999929e+01,1.644609576194010973e+09,4.419589881374299534e-01,8.044481330166385336e-01,-1.999228594869583819e+00,8.044481330166385336e-01,-1.467705330881678316e+00,-3.339883542041857112e-01,-3.199654479905568727e-01
2.496666666666666501e+01,1.644609576211177349e+09,4.516918935274406022e-01,8.364978594316434535e-01,-2.204299360105148597e+00,8.364978594316434535e-01,-1.302500834215557290e+00,-3.393412824467642031e-01,-3.223792359943769559e-01
2.498333333333333428e+01,1.644609576228179932e+09,4.610351125791805615e-01,8.044481330166385336e-01,-2.338384091220709671e+00,8.044481330166385336e-01,-1.124049089503729837e+00,-3.447138859759853458e-01,-3.223333150732740071e-01
2.500000000000000000e+01,1.644609576250073671e+09,4.699496022264213480e-01,8.364978594316434535e-01,-2.464581485211826628e+00,8.364978594316434535e-01,-9.337845488510422287e-01,-3.500550243416461482e-01,-3.186136215312698750e-01
2.501666666666666572e+01,1.644609576264096022e+09,4.783985035884704695e-01,8.364978594316434535e-01,-2.133313325985145337e+00,8.364978594316434535e-01,-7.332450430272878794e-01,-3.553069829642604427e-01,-3.116407826352496357e-01
2.503333333333333144e+01,1.644609576281017065e+09,4.863473887758107406e-01,8.364978594316434535e-01,-2.030777943367362059e+00,8.364978594316434535e-01,-5.240579886387245478e-01,-3.604147976769315198e-01,-3.013256367426965787e-01
2.505000000000000071e+01,1.644609576297974586e+09,4.937644918801070149e-01,8.044481330166385336e-01,-1.841481852380686846e+00,8.044481330166385336e-01,-3.079257841040426991e-01,-3.653266924607612709e-01,-2.881383694769902304e-01
2.506666666666666643e+01,1.644609576314946890e+09,5.006209224043872696e-01,8.364978594316434535e-01,-1.809932503882908161e+00,8.364978594316434535e-01,-8.661053241496430299e-02,-3.699856259915664802e-01,-2.709813138292403445e-01
2.508333333333333215e+01,1.644609576331885099e+09,5.068908595165569908e-01,8.364978594316434535e-01,-1.841481852380686846e+00,8.364978594316434535e-01,1.380817650206874747e-01,-3.743299437237593286e-01,-2.503940023561753159e-01
2.510000000000000142e+01,1.644609576347837925e+09,5.125517256491789464e-01,8.364978594316434535e-01,-1.525988367402894230e+00,8.364978594316434535e-01,3.643173942374784424e-01,-3.783027353498084056e-01,-2.264076231689741980e-01
2.511666666666666714e+01,1.644609576363262892e+09,5.175843381199267679e-01,8.044481330166385336e-01,-2.377820776842933359e+00,8.044481330166385336e-01,5.902513415780908934e-01,-3.818522876147291134e-01,-1.996130796608079905e-01
2.513333333333333286e+01,1.644609576381265640e+09,5.219730376088725921e-01,7.723984066016336136e-01,-1.959791909247359243e+00,7.723984066016336136e-01,8.140437788744916414e-01,-3.849324814313317411e-01,-1.700921827529366104e-01
2.514999999999999858e+01,1.644609576399638176e+09,5.257057924996465514e-01,7.403486801866263622e-01,-1.809932503882908161e+00,7.403486801866263622e-01,1.033876465746940365e+00,-3.874988010642841929e-01,-1.379554440210914168e-01
2.516666666666666785e+01,1.644609576416743994e+09,5.287742782702734567e-01,7.082989537716214423e-01,-1.533875704527340345e+00,7.082989537716214423e-01,1.247968914816573571e+00,-3.895088032957410018e-01,-1.033409773131646753e-01
2.518333333333333357e+01,1.644609576433696747e+09,5.311739313045970023e-01,6.762492273566165224e-01,-1.746833806887349905e+00,6.762492273566165224e-01,1.454594168111804642e+00,-3.909225662572648474e-01,-6.641315776050048247e-02
2.519999999999999929e+01,1.644609576452669859e+09,5.329039766854761773e-01,6.762492273566165224e-01,-1.888805875127355760e+00,6.762492273566165224e-01,1.652094036892455486e+00,-3.916986872680174314e-01,-2.683131567893004554e-02
2.521666666666666501e+01,1.644609576468760967e+09,5.339674297245753376e-01,6.441995009416116025e-01,-1.667960435642902084e+00,6.441995009416116025e-01,1.838893662486110747e+00,-3.917992038412320688e-01,1.465408695141326434e-02
2.523333333333333428e+01,1.644609576484366179e+09,5.343710711794601442e-01,6.441995009416116025e-01,-2.393595451091823811e+00,6.441995009416116025e-01,2.013515262470222389e+00,-3.911899081992646354e-01,5.834003736630975073e-02
2.525000000000000000e+01,1.644609576503699303e+09,5.341253963050379694e-01,6.441995009416116025e-01,-3.016695083922962262e+00,6.441995009416116025e-01,2.174590934575424406e+00,-3.898362994567816653e-01,1.039662692157773682e-01
2.526666666666666572e+01,1.644609576519295692e+09,5.332445380817371072e-01,6.441995009416116025e-01,-2.685426924696280970e+00,6.441995009416116025e-01,2.320874399953301470e+00,-3.877083506894875575e-01,1.512562187967318172e-01
2.528333333333333144e+01,1.644609576538842916e+09,5.317461651558048619e-01,6.441995009416116025e-01,-1.951904572122914461e+00,6.441995009416116025e-01,2.451251577850146468e+00,-3.847807600464110966e-01,1.999194794668513186e-01
2.530000000000000071e+01,1.644609576554799318e+09,5.296513552160060367e-01,6.441995009416116025e-01,-2.022890606242917499e+00,6.441995009416116025e-01,2.564749895156925419e+00,-3.810331600084591597e-01,2.496543693638750006e-01
2.531666666666666643e+01,1.644609576572250605e+09,5.269844447145806132e-01,6.441995009416116025e-01,-1.360354287789554251e+00,6.441995009416116025e-01,2.660546246652387481e+00,-3.764502831068308186e-01,3.001505882554800220e-01
2.533333333333333215e+01,1.644609576588207960e+09,5.237728560169794267e-01,6.121497745266043511e-01,-1.407678310536223387e+00,6.121497745266043511e-01,2.737973534898785033e+00,-3.710265095484763243e-01,3.505622031875486599e-01
2.535000000000000142e+01,1.644609576605165482e+09,5.200469032334507080e-01,6.441995009416116025e-01,-1.265706242296217310e+00,6.441995009416116025e-01,2.796525732558860167e+00,-3.647569913023680499e-01,4.016381054997815725e-01
2.536666666666666714e+01,1.644609576621481657e+09,5.158395781445052064e-01,6.441995009416116025e-01,-1.218382219549547951e+00,6.441995009416116025e-01,2.835861424243712570e+00,-3.576378295814723884e-01,4.525199591986413528e-01
2.538333333333333286e+01,1.644609576637708426e+09,5.111863177805394676e-01,6.762492273566165224e-01,-1.021198791438427955e+00,6.762492273566165224e-01,2.855805799733088790e+00,-3.496704833413186164e-01,5.034201967433160618e-01
2.539999999999999858e+01,1.644609576653082609e+09,5.061247553523797738e-01,6.762492273566165224e-01,-7.372546549584140241e-01,6.762492273566165224e-01,2.856351085388725952e+00,-3.408617548598342206e-01,5.534881401409206259e-01
2.541666666666666785e+01,1.644609576671042919e+09,5.006944563528828995e-01,7.403486801866263622e-01,-1.005424117189538613e+00,7.403486801866263622e-01,2.837655415658380420e+00,-3.312192048712040426e-01,6.034789917497072054e-01
2.543333333333333357e+01,1.644609576688160181e+09,4.949366417593808465e-01,7.723984066016336136e-01,0.000000000000000000e+00,7.723984066016336136e-01,2.800040161600821254e+00,-3.207511474972506438e-01,6.525515771791280395e-01
2.544999999999999929e+01,1.644609576707497120e+09,4.888939003616386003e-01,8.685475858466483734e-01,0.000000000000000000e+00,8.685475858466483734e-01,2.743985748197466101e+00,-3.094664537203946630e-01,7.014757723030072833e-01
2.546666666666666501e+01,1.644609576723448753e+09,4.826098923194365731e-01,9.326470386766605447e-01,0.000000000000000000e+00,9.326470386766605447e-01,2.670126006714675704e+00,-2.973744622216551448e-01,7.494299982274567062e-01
2.548333333333333428e+01,1.644609576737263203e+09,4.761290461172447142e-01,9.646967650916654646e-01,-1.123734174056209456e+00,9.646967650916654646e-01,2.579241122396882524e+00,-2.844979834271538777e-01,7.956191508910979149e-01
2.550000000000000000e+01,1.644609576757267237e+09,4.694962511303991115e-01,9.967464915066702735e-01,-1.092184825558430994e+00,9.967464915066702735e-01,2.472249251172172535e+00,-2.708684161368399290e-01,8.398061793120980001e-01
2.551666666666666572e+01,1.644609576772200584e+09,4.627565480470147152e-01,1.028796217921677636e+00,-1.360354287789554251e+00,1.028796217921677636e+00,2.350196891703085544e+00,-2.565209327158423647e-01,8.817752477181798332e-01
2.553333333333333144e+01,1.644609576790257931e+09,4.559548194029339752e-01,1.092895670751687476e+00,-1.029086128562872515e+00,1.092895670751687476e+00,2.214248110900018496e+00,-2.414896854751100996e-01,9.218630635049760436e-01
2.555000000000000071e+01,1.644609576808440685e+09,4.491354824824576042e-01,1.156995123581699536e+00,-1.084297488433986434e+00,1.156995123581699536e+00,2.065672731812016938e+00,-2.258075127774695212e-01,9.598920217305640934e-01
2.556666666666666643e+01,1.644609576824362755e+09,4.423421868163066595e-01,1.253144302826714185e+00,-1.975566583496248363e+00,1.253144302826714185e+00,1.905833602520220493e+00,-2.095055735757678506e-01,9.962397142846446396e-01
2.558333333333333215e+01,1.644609576838822603e+09,4.356175184696699509e-01,1.317243755656726467e+00,-1.762608481136238803e+00,1.317243755656726467e+00,1.736173073188124194e+00,-1.926174400081552551e-01,1.030241861197779496e+00
2.560000000000000142e+01,1.644609576857825756e+09,4.290027132581478164e-01,1.381343208486736307e+00,-1.470777007531781866e+00,1.381343208486736307e+00,1.558198815686520744e+00,-1.751830288303296568e-01,1.061799817089508213e+00
2.561666666666666714e+01,1.644609576874645710e+09,4.225373809580274531e-01,1.381343208486736307e+00,-1.281480916545106430e+00,1.381343208486736307e+00,1.373469126142091712e+00,-1.572525254784841731e-01,1.089782852648143230e+00
2.563333333333333286e+01,1.644609576889917374e+09,4.162592424903114319e-01,1.413392934901741116e+00,-1.675847772767346422e+00,1.413392934901741116e+00,1.183577855302532456e+00,-1.388813043843698525e-01,1.114694478057433491e+00
2.564999999999999858e+01,1.644609576907263994e+09,4.102038819560145377e-01,1.413392934901741116e+00,-1.510213693154005110e+00,1.413392934901741116e+00,9.901391147200069298e-01,-1.201250481949353438e-01,1.135997089361694856e+00
2.566666666666666785e+01,1.644609576923766136e+09,4.044045152840120561e-01,1.381343208486736307e+00,-1.502326356029560550e+00,1.381343208486736307e+00,7.947719084071115381e-01,-1.010481017512887547e-01,1.153188728199612489e+00
2.568333333333333357e+01,1.644609576940838814e+09,3.988917771234437026e-01,1.413392934901741116e+00,-1.036973465687317075e+00,1.413392934901741116e+00,5.990848397989051444e-01,-8.170960418276534964e-02,1.167391526876099928e+00
2.569999999999999929e+01,1.644609576957951784e+09,3.936935274709914556e-01,1.413392934901741116e+00,-1.100072162682875776e+00,1.413392934901741116e+00,4.046610425568952785e-01,-6.216320891249407787e-02,1.178146031230139279e+00
2.571666666666666501e+01,1.644609576973316908e+09,3.888346793706480842e-01,1.413392934901741116e+00,-1.596974401522898823e+00,1.413392934901741116e+00,2.130434810025646497e-01,-4.246552363370990901e-02,1.185555619549760298e+00
2.573333333333333428e+01,1.644609576992685795e+09,3.843370488609145208e-01,1.413392934901741116e+00,-1.596974401522898823e+00,1.413392934901741116e+00,2.572076178748572417e-02,-2.267124173974788964e-02,1.189746565933952116e+00
2.575000000000000000e+01,1.644609577008902311e+09,3.802192281730703005e-01,1.413392934901741116e+00,-9.738747686917587076e-01,1.413392934901741116e+00,-1.558864071562992004e-01,-2.832773267779684079e-03,1.190866539591074691e+00
2.576666666666666572e+01,1.644609577024981499e+09,3.764964830055105849e-01,1.381343208486736307e+00,-7.372546549584140241e-01,1.381343208486736307e+00,-3.304379812297671970e-01,1.699567086577531000e-02,1.188553182578469203e+00
2.578333333333333144e+01,1.644609577044921637e+09,3.731806745146128979e-01,1.317243755656726467e+00,-1.052748139936206639e+00,1.317243755656726467e+00,-4.966864463357677506e-01,3.675406280178279694e-02,1.182470745797810974e+00
2.580000000000000071e+01,1.644609577058884621e+09,3.702802064736013810e-01,1.221094576411709376e+00,-1.249931568047326635e+00,1.221094576411709376e+00,-6.534876769117912154e-01,5.637698326382963032e-02,1.172307940327429465e+00
2.581666666666666643e+01,1.644609577076894999e+09,3.677999978587965235e-01,1.060845944336682445e+00,-1.667960435642902084e+00,1.060845944336682445e+00,-7.998106835344236387e-01,7.578958349875862532e-02,1.157245927772538208e+00
2.583333333333333215e+01,1.644609577092910290e+09,3.657414809291766877e-01,9.005973122616556248e-01,-1.612749075771788165e+00,9.005973122616556248e-01,-9.347461601748249249e-01,9.491245958741154065e-02,1.137553904218665757e+00
2.584999999999999787e+01,1.644609577111427546e+09,3.641026246715867720e-01,6.441995009416116025e-01,-1.186832871051768157e+00,6.441995009416116025e-01,-1.057513753419089486e+00,1.136574846407479022e-01,1.111920308290704762e+00
2.586666666666666714e+01,1.644609577127063751e+09,3.628779832919485360e-01,5.160005952815897023e-01,-1.076410151309541874e+00,5.160005952815897023e-01,-1.167467988935071865e+00,1.319459297896541095e-01,1.082774073247573909e+00
2.588333333333333286e+01,1.644609577146229267e+09,3.620587692437649552e-01,3.878016896215676357e-01,-1.604861738647343383e+00,3.878016896215676357e-01,-1.264102804048218065e+00,1.497215759013366954e-01,1.050393408562113828e+00
2.589999999999999858e+01,1.644609577163182497e+09,3.616329501006070313e-01,3.557519632065603843e-01,-1.912467886500689884e+00,3.557519632065603843e-01,-1.347054649336687948e+00,1.669461326273588286e-01,1.016647140400589677e+00
2.591666666666666785e+01,1.644609577178311110e+09,3.615853684006524738e-01,2.596027839615456800e-01,-1.983453920620692923e+00,2.596027839615456800e-01,-1.416104136541029179e+00,1.835900952798464048e-01,9.807281552051106965e-01
2.593333333333333357e+01,1.644609577195728302e+09,3.618978834198393058e-01,2.275530575465407879e-01,-1.754721144011794465e+00,2.275530575465407879e-01,-1.471176224652456010e+00,1.996283360187400824e-01,9.439628616811184258e-01
2.594999999999999929e+01,1.644609577212021112e+09,3.625495336673887903e-01,1.634536047165285888e-01,-2.496130833709605756e+00,1.634536047165285888e-01,-1.512338950659992243e+00,2.150443610415897489e-01,9.060654142258777188e-01
2.596666666666666501e+01,1.644609577230333328e+09,3.635167187444851566e-01,9.935415188651879059e-02,-2.961483724051848565e+00,9.935415188651879059e-02,-1.539800725949697746e+00,2.298213498720233505e-01,8.672809824943911172e-01
2.598333333333333428e+01,1.644609577248262644e+09,3.647733990648330260e-01,3.204972641501691987e-03,-2.709088936069614650e+00,3.204972641501691987e-03,-1.553906233617264210e+00,2.439420599996249550e-01,8.273152513505268590e-01
2.600000000000000000e+01,1.644609577268531561e+09,3.662913118060460715e-01,-6.089448018850930622e-02,-3.119230466540745983e+00,-6.089448018850930622e-02,-1.555130975834924767e+00,2.573931720844745974e-01,7.869303816652866157e-01
2.601666666666666572e+01,1.644609577283519506e+09,3.680402013439069142e-01,-1.570436594335263836e-01,-3.213878512034082480e+00,-1.570436594335263836e-01,-1.544074533771748303e+00,2.701650279349370187e-01,7.458065559280696588e-01
2.603333333333333144e+01,1.644609577300854445e+09,3.699880623187821183e-01,-2.531928386785423091e-01,-3.166554489287413343e+00,-2.531928386785423091e-01,-1.521452615264007768e+00,2.822470111111685664e-01,7.041471485194622515e-01
2.605000000000000071e+01,1.644609577317830324e+09,3.721013933954206987e-01,-3.493420179235594003e-01,-3.718668087998550753e+00,-3.493420179235594003e-01,-1.488087977350907032e+00,2.936317530165516443e-01,6.621385733595046563e-01
2.606666666666666643e+01,1.644609577335084200e+09,3.743454597046301235e-01,-4.775409235835813559e-01,-3.521484659887430091e+00,-4.775409235835813559e-01,-1.444900321809464039e+00,3.043104124516797238e-01,6.194192265011591036e-01
2.608333333333333215e+01,1.644609577352037191e+09,3.766845618986435218e-01,-5.736901028285972259e-01,-3.695006076625214853e+00,-5.736901028285972259e-01,-1.392895271830494996e+00,3.142768859808449666e-01,5.766763300610089349e-01
2.609999999999999787e+01,1.644609577368971109e+09,3.790823097116176599e-01,-6.698392820736143172e-01,-3.710780750874105749e+00,-6.698392820736143172e-01,-1.333152546883285439e+00,3.235318530952248084e-01,5.340381657973474194e-01
2.611666666666666714e+01,1.644609577385947704e+09,3.815018978928980675e-01,-7.018890084886192371e-01,-4.215570326838572690e+00,-7.018890084886192371e-01,-1.266813460525751278e+00,3.320868094065715925e-01,4.926715016690944582e-01
2.613333333333333286e+01,1.644609577403851986e+09,3.839063823737491887e-01,-7.659884613186302982e-01,-3.624020042505212036e+00,-7.659884613186302982e-01,-1.195067872357026495e+00,3.399590909880991774e-01,4.521149478596392379e-01
2.614999999999999858e+01,1.644609577419262886e+09,3.862589545380643030e-01,-8.300879141486412482e-01,-3.750217436496329437e+00,-8.300879141486412482e-01,-1.119140730422772068e+00,3.471626653439053301e-01,4.124242294276428966e-01
2.616666666666666785e+01,1.644609577435461521e+09,3.885232114939858872e-01,-9.262370933936571182e-01,-2.961483724051848565e+00,-9.262370933936571182e-01,-1.040278344108813480e+00,3.537078221672139700e-01,3.731038153126264301e-01
2.618333333333333357e+01,1.644609577452663660e+09,3.906634202863524807e-01,-1.022386272638674320e+00,-2.638102901949611834e+00,-1.022386272638674320e+00,-9.597345298755008969e-01,3.596009142896876010e-01,3.341753764815832417e-01
2.619999999999999929e+01,1.644609577470711470e+09,3.926447740488010485e-01,-1.086485725468685271e+00,-3.229653186282972044e+00,-1.086485725468685271e+00,-8.787567730606661298e-01,3.648529071534741819e-01,2.961693419756407653e-01
2.621666666666666501e+01,1.644609577486956358e+09,3.944336381688061666e-01,-1.086485725468685271e+00,-2.433032136714047056e+00,-1.086485725468685271e+00,-7.985725484108767702e-01,3.694877906063965267e-01,2.601168206247257420e-01
2.623333333333333428e+01,1.644609577503336191e+09,3.959977846284326031e-01,-1.118535451883690079e+00,-2.322609416971820995e+00,-1.118535451883690079e+00,-7.203759399973501676e-01,3.735331521260760734e-01,2.254229359070288874e-01
2.625000000000000000e+01,1.644609577522690773e+09,3.973066127870661379e-01,-1.118535451883690079e+00,-1.817819841007352943e+00,-1.118535451883690079e+00,-6.453146977534154338e-01,3.770154416666945396e-01,1.925431438724586330e-01
2.626666666666666572e+01,1.644609577539438486e+09,3.983313549893248151e-01,-1.086485725468685271e+00,-1.754721144011794465e+00,-1.086485725468685271e+00,-5.744778630730882352e-01,3.799684867898413532e-01,1.619073722736156240e-01
2.628333333333333144e+01,1.644609577555379868e+09,3.990452655106320190e-01,-1.118535451883690079e+00,-1.707397121265125328e+00,-1.118535451883690079e+00,-5.088840897821134135e-01,3.824198002682256958e-01,1.323323997674678565e-01
2.630000000000000071e+01,1.644609577572349548e+09,3.994237914934165579e-01,-1.118535451883690079e+00,-1.699509784140680546e+00,-1.118535451883690079e+00,-4.494707794019698888e-01,3.843904886442091051e-01,1.042282742033901199e-01
2.631666666666666643e+01,1.644609577589687586e+09,3.994447246777068083e-01,-1.118535451883690079e+00,-1.210494882425103391e+00,-1.118535451883690079e+00,-3.970841410399605920e-01,3.859038923519339526e-01,7.745454394693779276e-02
2.633333333333333215e+01,1.644609577607272387e+09,3.990883328895116211e-01,-1.118535451883690079e+00,-1.660073098518457524e+00,-1.118535451883690079e+00,-3.524702765538791915e-01,3.869809273122574167e-01,5.186074684598816070e-02
2.634999999999999787e+01,1.644609577623906612e+09,3.983374704176665393e-01,-1.086485725468685271e+00,-1.675847772767346422e+00,-1.086485725468685271e+00,-3.162673809448819373e-01,3.876443611018012825e-01,2.781809461621819260e-02
2.636666666666666714e+01,1.644609577640685320e+09,3.971776665835232700e-01,-1.118535451883690079e+00,-2.172750011607368581e+00,-1.118535451883690079e+00,-2.889991363435227001e-01,3.879097443833176007e-01,4.093801530914986664e-03
2.638333333333333286e+01,1.644609577658643007e+09,3.955971919862643071e-01,-1.118535451883690079e+00,-2.149088000234034457e+00,-1.118535451883690079e+00,-2.710693655840274996e-01,3.877854760601612827e-01,-1.894201043705733348e-02
2.639999999999999858e+01,1.644609577675591230e+09,3.935871020887376504e-01,-1.118535451883690079e+00,-1.628523750020677507e+00,-1.118535451883690079e+00,-2.627579983377907880e-01,3.872816072255731989e-01,-4.145969910616057602e-02
2.641666666666666785e+01,1.644609577692529440e+09,3.911412579925800381e-01,-1.118535451883690079e+00,-1.888805875127355760e+00,-1.118535451883690079e+00,-2.642183892290019820e-01,3.864053520243094231e-01,-6.362934125677502384e-02
2.643333333333333357e+01,1.644609577711786509e+09,3.882563244360797139e-01,-1.118535451883690079e+00,-2.070214628989586636e+00,-1.118535451883690079e+00,-2.754760134215892275e-01,3.851611099605672384e-01,-8.561862361478748962e-02
2.644999999999999929e+01,1.644609577727718353e+09,3.849317452316934896e-01,-1.118535451883690079e+00,-2.322609416971820995e+00,-1.118535451883690079e+00,-2.964285509846009692e-01,3.835505230532332277e-01,-1.075907700885916640e-01
2.646666666666666501e+01,1.644609577742703676e+09,3.811696965414293481e-01,-1.118535451883690079e+00,-1.951904572122914461e+00,-1.118535451883690079e+00,-3.268473570595902267e-01,3.815725670478303799e-01,-1.297025275655768473e-01
2.648333333333333428e+01,1.644609577763649225e+09,3.769750185656268182e-01,-1.118535451883690079e+00,-1.912467886500689884e+00,-1.118535451883690079e+00,-3.663803006080690317e-01,3.792236755282316074e-01,-1.521022319208407136e-01
2.650000000000000000e+01,1.644609577777610540e+09,3.723551263927663002e-01,-1.118535451883690079e+00,-2.456694148087382068e+00,-1.118535451883690079e+00,-4.145559404567913386e-01,3.764978954176399495e-01,-1.749279750159237479e-01
2.651666666666666572e+01,1.644609577796560287e+09,3.673199009234057177e-01,-1.118535451883690079e+00,-2.338384091220709671e+00,-1.118535451883690079e+00,-4.707889936221150151e-01,3.733870720211274197e-01,-1.983058923778412697e-01
2.653333333333333144e+01,1.644609577812541962e+09,3.618815609388810750e-01,-1.118535451883690079e+00,-1.754721144011794465e+00,-1.118535451883690079e+00,-5.343870376215973383e-01,3.698810614446230161e-01,-2.223485899597583415e-01
2.655000000000000071e+01,1.644609577830492496e+09,3.560545175337758161e-01,-1.118535451883690079e+00,-1.391903636287332935e+00,-1.118535451883690079e+00,-6.045583758042401001e-01,3.659679679308966982e-01,-2.471537269074975396e-01
2.656666666666666643e+01,1.644609577845523119e+09,3.498552122691120925e-01,-1.118535451883690079e+00,-2.180637348731813141e+00,-1.118535451883690079e+00,-6.804209827797380594e-01,3.616344033848049588e-01,-2.728027696057963025e-01
2.658333333333333215e+01,1.644609577861563921e+09,3.433019405298158855e-01,-1.118535451883690079e+00,-1.502326356029560550e+00,-1.118535451883690079e+00,-7.610124359165028052e-01,3.568657661205971721e-01,-2.993599304715917064e-01
2.659999999999999787e+01,1.644609577881690502e+09,3.364146616840526516e-01,-1.118535451883690079e+00,-1.604861738647343383e+00,-1.118535451883690079e+00,-8.453007287294415084e-01,3.516465356558753919e-01,-3.268713030170887768e-01
2.661666666666666714e+01,1.644609577897136927e+09,3.292147977428759309e-01,-1.118535451883690079e+00,-1.620636412896232725e+00,-1.118535451883690079e+00,-9.321958528821677747e-01,3.459605802019925513e-01,-3.553642026426369060e-01
2.663333333333333286e+01,1.644609577913708210e+09,3.217250223052091629e-01,-1.150585178298696221e+00,-1.833594515256242286e+00,-1.150585178298696221e+00,-1.020562027586539022e+00,3.397870466368506648e-01,-3.853764558422489439e-01
2.664999999999999858e+01,1.644609577932657719e+09,3.139690416450694466e-01,-1.182634904713701030e+00,-2.015003269118472939e+00,-1.182634904713701030e+00,-1.109230448468171648e+00,3.331007805083629481e-01,-4.168879456001257644e-01
2.666666666666666785e+01,1.644609577948615313e+09,3.059713698544744287e-01,-1.182634904713701030e+00,-1.865143863754022080e+00,-1.182634904713701030e+00,-1.197012422551176902e+00,3.258815507765382424e-01,-4.493295046560490391e-01
2.668333333333333357e+01,1.644609577964572191e+09,2.977570999961886011e-01,-1.182634904713701030e+00,-2.101763977487365320e+00,-1.182634904713701030e+00,-1.282712751951520902e+00,3.181142722658469313e-01,-4.826513537564447454e-01
2.669999999999999929e+01,1.644609577983586311e+09,2.893516732450709394e-01,-1.214684631128707171e+00,-2.322609416971820995e+00,-1.214684631128707171e+00,-1.365143226201073423e+00,3.097804199714686568e-01,-5.173146324175628141e-01
2.671666666666666501e+01,1.644609577998506784e+09,2.807806480053100517e-01,-1.214684631128707171e+00,-2.354158765469599235e+00,-1.214684631128707171e+00,-1.443136081874679011e+00,3.008628616632745834e-01,-5.526940859927584881e-01
2.673333333333333428e+01,1.644609578016434431e+09,2.720694709828678226e-01,-1.246734357543712202e+00,-2.630215564825166830e+00,-1.246734357543712202e+00,-1.515557288380194656e+00,2.913461028458920743e-01,-5.892155212741077008e-01
2.675000000000000000e+01,1.644609578032418013e+09,2.632432521683353288e-01,-1.246734357543712202e+00,-3.174441826411859680e+00,-1.246734357543712202e+00,-1.581319520391309741e+00,2.812166146870524464e-01,-6.262202644141851016e-01
2.676666666666666572e+01,1.644609578051366568e+09,2.543265456454198992e-01,-1.278784083958718121e+00,-3.119230466540745983e+00,-1.278784083958718121e+00,-1.639394680438753582e+00,2.704630438285103855e-01,-6.641030062956009283e-01
2.678333333333333144e+01,1.644609578066697836e+09,2.453431380845000065e-01,-1.278784083958718121e+00,-2.488243496585160752e+00,-1.278784083958718121e+00,-1.688825839601810763e+00,2.590764988654541412e-01,-7.021766267252201876e-01
2.680000000000000071e+01,1.644609578085668087e+09,2.363158467098458448e-01,-1.278784083958718121e+00,-2.693314261820725530e+00,-1.278784083958718121e+00,-1.728738470010670936e+00,2.470551395569282882e-01,-7.402806433161841504e-01
2.681666666666666643e+01,1.644609578101611853e+09,2.272663284436080566e-01,-1.278784083958718121e+00,-3.347963243149644441e+00,-1.278784083958718121e+00,-1.758350849924696702e+00,2.343998861743146200e-01,-7.782443054982940422e-01
2.683333333333333215e+01,1.644609578120320797e+09,2.182149018303819188e-01,-1.278784083958718121e+00,-3.616132705380767476e+00,-1.278784083958718121e+00,-1.776983530425768620e+00,2.211145750935011589e-01,-8.158884546572220398e-01
2.684999999999999787e+01,1.644609578135734558e+09,2.091803832338469671e-01,-1.310833810373723152e+00,-3.592470694007433352e+00,-1.310833810373723152e+00,-1.784067762172352856e+00,2.072016557535427683e-01,-8.535572281930315919e-01
2.686666666666666714e+01,1.644609578153402805e+09,2.001799386724351093e-01,-1.342883536788729293e+00,-3.789654122118553570e+00,-1.342883536788729293e+00,-1.779152791107605713e+00,1.926623784851688170e-01,-8.910518897229299240e-01
2.688333333333333286e+01,1.644609578172683001e+09,1.912289525254772249e-01,-1.374933263203734102e+00,-3.718668087998550753e+00,-1.374933263203734102e+00,-1.761911943400024327e+00,1.775013235629395725e-01,-9.281715882440966237e-01
2.689999999999999858e+01,1.644609578188669443e+09,1.823409141957033908e-01,-1.406982989618740243e+00,-3.695006076625214853e+00,-1.406982989618740243e+00,-1.732147432102996154e+00,1.617264183549199374e-01,-9.647155233981059563e-01
2.691666666666666785e+01,1.644609578204046488e+09,1.735273236597002222e-01,-1.439032716033745052e+00,-3.363737917398533561e+00,-1.439032716033745052e+00,-1.689793830928894902e+00,1.453489182038810446e-01,-1.000485132363110985e+00
2.693333333333333357e+01,1.644609578223308802e+09,1.647976166760267980e-01,-1.439032716033745052e+00,-3.229653186282972044e+00,-1.439032716033745052e+00,-1.634920174015093153e+00,1.283877775965369672e-01,-1.034756539923247454e+00
2.694999999999999929e+01,1.644609578240285873e+09,1.561591102526314334e-01,-1.471082442448751193e+00,-3.529371997011875095e+00,-1.471082442448751193e+00,-1.567730654478656227e+00,1.108650339728629308e-01,-1.067880681248363661e+00
2.696666666666666501e+01,1.644609578256661177e+09,1.476169688024085991e-01,-1.503132168863756002e+00,-3.426836614394092262e+00,-1.503132168863756002e+00,-1.488563908774449995e+00,9.280130427624570799e-02,-1.099678552845716473e+00
2.698333333333333428e+01,1.644609578273996592e+09,1.391741912392930880e-01,-1.503132168863756002e+00,-3.592470694007433352e+00,-1.503132168863756002e+00,-1.397890888245350682e+00,7.422452579373589598e-02,-1.129452158648358351e+00
2.700000000000000000e+01,1.644609578293174744e+09,1.308316190891287423e-01,-1.503132168863756002e+00,-3.529371997011875095e+00,-1.503132168863756002e+00,-1.296311333638887398e+00,5.516966311190586725e-02,-1.157054687674905713e+00
2.701666666666666572e+01,1.644609578308192730e+09,1.225879655106281163e-01,-1.535181895278762143e+00,-2.937821712678514885e+00,-1.535181895278762143e+00,-1.184548882620094945e+00,3.566958071601201985e-02,-1.182883451577326106e+00
2.703333333333333144e+01,1.644609578324387550e+09,1.144398649438816695e-01,-1.535181895278762143e+00,-3.135005140789634659e+00,-1.535181895278762143e+00,-1.063444854286933250e+00,1.575931335232330643e-02,-1.206283630039732380e+00
2.705000000000000071e+01,1.644609578341343403e+09,1.063819429283269780e-01,-1.535181895278762143e+00,-2.803736981562953368e+00,-1.535181895278762143e+00,-9.339507682606880135e-01,-4.519839153637836282e-03,-1.227156688592762057e+00
2.706666666666666643e+01,1.644609578358299494e+09,9.840690546039487785e-02,-1.567231621693767174e+00,-2.748525621691839671e+00,-1.567231621693767174e+00,-7.971196689334780761e-01,-2.512952051604421672e-02,-1.245952862074143130e+00
2.708333333333333215e+01,1.644609578375393867e+09,9.050564709448107037e-02,-1.567231621693767174e+00,-2.575004204954053133e+00,-1.567231621693767174e+00,-6.540963377840258719e-01,-4.603012084575073409e-02,-1.262074394402399768e+00
2.709999999999999787e+01,1.644609578392127275e+09,8.266737683097044598e-02,-1.567231621693767174e+00,-2.551342193580719453e+00,-1.567231621693767174e+00,-5.061064881948414973e-01,-6.717674623497091324e-02,-1.275483404177989666e+00
2.711666666666666714e+01,1.644609578408063412e+09,7.487976068294931176e-02,-1.567231621693767174e+00,-2.590778879202944029e+00,-1.567231621693767174e+00,-3.544450478010872096e-01,-8.852405550750813701e-02,-1.286164039397033276e+00
2.713333333333333286e+01,1.644609578425982714e+09,6.712907967020632916e-02,-1.599281348108773093e+00,-2.638102901949611834e+00,-1.599281348108773093e+00,-2.004636429679451659e-01,-1.100310588881001223e-01,-1.294652785867719924e+00
2.714999999999999858e+01,1.644609578442984581e+09,5.940040185647142701e-02,-1.599281348108773093e+00,-2.464581485211826628e+00,-1.599281348108773093e+00,-4.555740843316880007e-02,-1.316569731802310073e-01,-1.300440850851288133e+00
2.716666666666666785e+01,1.644609578459916592e+09,5.167776692444794873e-02,-1.631331074523778124e+00,-2.030777943367362059e+00,-1.631331074523778124e+00,1.088487476252067709e-01,-1.533616558405497543e-01,-1.304110873639278800e+00
2.718333333333333357e+01,1.644609578476897717e+09,4.394438167423246611e-02,-1.631331074523778124e+00,-1.825707178131797503e+00,-1.631331074523778124e+00,2.613142868993251766e-01,-1.751059400255958465e-01,-1.305200202581306979e+00
2.719999999999999929e+01,1.644609578494824886e+09,3.618282473489823486e-02,-1.663380800938784265e+00,-1.786270492509572927e+00,-1.663380800938784265e+00,4.103974518554178164e-01,-1.968520645174244577e-01,-1.304337133907534474e+00
2.721666666666666501e+01,1.644609578511808872e+09,2.837525869745384510e-02,-1.663380800938784265e+00,-1.920355223625134666e+00,-1.663380800938784265e+00,5.546698002585698228e-01,-2.185639967700835351e-01,-1.301103718332879078e+00
2.723333333333333428e+01,1.644609578529742718e+09,2.050364781023425106e-02,-1.631331074523778124e+00,-1.738946469762905123e+00,-1.631331074523778124e+00,6.927307175865609068e-01,-2.401989895971434752e-01,-1.295112064788106032e+00
2.725000000000000000e+01,1.644609578546954870e+09,1.254997932619526801e-02,-1.695430527353789074e+00,-2.078101966114031640e+00,-1.695430527353789074e+00,8.232217612933475648e-01,-2.617257790623084279e-01,-1.288122088090615014e+00
2.726666666666666572e+01,1.644609578563347101e+09,4.496486555498608109e-03,-1.663380800938784265e+00,-1.936129897874025119e+00,-1.663380800938784265e+00,9.448406920351566374e-01,-2.831158095833150590e-01,-1.278707726051335536e+00
2.728333333333333144e+01,1.644609578581596613e+09,-3.674128343174078160e-03,-1.695430527353789074e+00,-1.636411087145122289e+00,-1.695430527353789074e+00,1.056355049567892168e+00,-3.043392586922155085e-01,-1.268135534905533435e+00
2.730000000000000071e+01,1.644609578597765684e+09,-1.197847380295801074e-02,-1.663380800938784265e+00,-1.683735109891791204e+00,-1.663380800938784265e+00,1.156615135046918041e+00,-3.253696901544312903e-01,-1.255551197874848812e+00
2.731666666666666643e+01,1.644609578615746021e+09,-2.043225247867204789e-02,-1.695430527353789074e+00,-1.297255590793995772e+00,-1.695430527353789074e+00,1.244566266872108473e+00,-3.461843996910370924e-01,-1.242250892679604313e+00
2.733333333333333215e+01,1.644609578632184029e+09,-2.905005099558375173e-02,-1.695430527353789074e+00,-9.344380830695340201e-01,-1.695430527353789074e+00,1.319260183961772359e+00,-3.667689577580803273e-01,-1.227935840335761419e+00
2.734999999999999787e+01,1.644609578649399281e+09,-3.784513770169256608e-02,-1.663380800938784265e+00,-9.107760716962002290e-01,-1.663380800938784265e+00,1.379865478359508568e+00,-3.871041112638585191e-01,-1.212325942206304408e+00
2.736666666666666714e+01,1.644609578665811300e+09,-4.682927024814670380e-02,-1.567231621693767174e+00,0.000000000000000000e+00,-1.567231621693767174e+00,1.425676948284138046e+00,-4.071616481720333747e-01,-1.194627649854956619e+00
2.738333333333333286e+01,1.644609578683813095e+09,-5.601251474692296728e-02,-1.503132168863756002e+00,0.000000000000000000e+00,-1.503132168863756002e+00,1.456123773048395798e+00,-4.269135992589524475e-01,-1.175659172031626953e+00
2.739999999999999858e+01,1.644609578701743126e+09,-6.540307816510704253e-02,-1.310833810373723152e+00,-1.431340321909557289e+00,-1.310833810373723152e+00,1.470776422589612054e+00,-4.463234448079458350e-01,-1.153583616279035384e+00
2.741666666666666785e+01,1.644609578718305588e+09,-7.500715551127279390e-02,-1.214684631128707171e+00,-1.525988367402894230e+00,-1.214684631128707171e+00,1.469352226567856468e+00,-4.653553300525571368e-01,-1.130307271110438272e+00
2.743333333333333357e+01,1.644609578735081911e+09,-8.482879325273984250e-02,-1.054435999053679129e+00,-1.525988367402894230e+00,-1.054435999053679129e+00,1.451719540971709410e+00,-4.839827929657451455e-01,-1.105058415831949858e+00
2.744999999999999929e+01,1.644609578753062487e+09,-9.486977027351095604e-02,-8.621376405636461682e-01,-1.431340321909557289e+00,-8.621376405636461682e-01,1.417900463807070466e+00,-5.021710397713678997e-01,-1.077607455305603423e+00
2.746666666666666501e+01,1.644609578770423889e+09,-1.051294975427660428e-01,-7.018890084886192371e-01,-1.242044230922881853e+00,-7.018890084886192371e-01,1.368072065588992636e+00,-5.198903108107865156e-01,-1.048785133314511953e+00
2.748333333333333428e+01,1.644609578786411285e+09,-1.156049375137350732e-01,-5.416403764135924170e-01,-1.518101030278449670e+00,-5.416403764135924170e-01,1.302566114879562420e+00,-5.371201048640911191e-01,-1.018873243620107782e+00
2.750000000000000000e+01,1.644609578804334402e+09,-1.262905441140540763e-01,-4.134414707535703504e-01,-2.078101966114031640e+00,-4.134414707535703504e-01,1.221867293866256698e+00,-5.538489381322262428e-01,-9.886706466334279630e-01
2.751666666666666572e+01,1.644609578823256731e+09,-1.371782240224168614e-01,-2.852425650935483947e-01,-2.227961371478482278e+00,-2.852425650935483947e-01,1.126609913816012387e+00,-5.700740164817286182e-01,-9.584227791385512285e-01
2.753333333333333144e+01,1.644609578839430571e+09,-1.482573197537967735e-01,-2.531928386785423091e-01,-2.125425988860700333e+00,-2.531928386785423091e-01,1.017573155017634345e+00,-5.858097750441946250e-01,-9.299473486371003794e-01
2.755000000000000071e+01,1.644609578855363131e+09,-1.595146148982846124e-01,-1.570436594335263836e-01,-2.401482788216268371e+00,-1.570436594335263836e-01,8.956748704013640650e-01,-6.010784326182543325e-01,-9.023681708802433477e-01
2.756666666666666643e+01,1.644609578873363018e+09,-1.709343616777910246e-01,-9.294420660351540575e-02,-2.614440890576277710e+00,-9.294420660351540575e-02,7.619640062449846152e-01,-6.159008612423593210e-01,-8.763954122621139264e-01
2.758333333333333215e+01,1.644609578891318798e+09,-1.824983308023346018e-01,3.525469905650659153e-02,-3.135005140789634659e+00,3.525469905650659153e-02,6.176117071123331526e-01,-6.302962290413085533e-01,-8.511189376936839635e-01
2.759999999999999787e+01,1.644609578910263300e+09,-1.941858834243307408e-01,1.634536047165285888e-01,-2.677539587571836410e+00,1.634536047165285888e-01,4.639011852730750007e-01,-6.442773371405532412e-01,-8.266819164279459731e-01
2.761666666666666714e+01,1.644609578924226761e+09,-2.059740648073126734e-01,2.596027839615456800e-01,-2.243736045727371398e+00,2.596027839615456800e-01,3.022164472049780892e-01,-6.578635886096911856e-01,-8.037320111060326511e-01
2.763333333333333286e+01,1.644609578945170879e+09,-2.178377191456594419e-01,3.878016896215676357e-01,-2.149088000234034457e+00,3.878016896215676357e-01,1.340299812490526321e-01,-6.710760346109523322e-01,-7.818223705902611620e-01
2.764999999999999858e+01,1.644609578961080074e+09,-2.297496247962373395e-01,5.480503216965945112e-01,-1.975566583496248363e+00,5.480503216965945112e-01,-3.911047903614117693e-02,-6.839281267331760450e-01,-7.604879477570299917e-01
2.766666666666666785e+01,1.644609578976067305e+09,-2.416806490122484496e-01,6.441995009416116025e-01,-2.054439954740697516e+00,6.441995009416116025e-01,-2.155959918960465016e-01,-6.964386879571239364e-01,-7.408339947156560301e-01
2.768333333333333357e+01,1.644609578995022535e+09,-2.535999211058670988e-01,7.403486801866263622e-01,-2.015003269118472939e+00,7.403486801866263622e-01,-3.937711126651594062e-01,-7.086357273748216112e-01,-7.228606625059338375e-01
2.769999999999999929e+01,1.644609579011976957e+09,-2.654750228104904020e-01,8.364978594316434535e-01,-1.928242560749580559e+00,8.364978594316434535e-01,-5.719491282945357025e-01,-7.205470236051150223e-01,-7.065402207566886528e-01
2.771666666666666501e+01,1.644609579028898716e+09,-2.772721944668546379e-01,8.685475858466483734e-01,-1.928242560749580559e+00,8.685475858466483734e-01,-7.484276765293891298e-01,-7.322085152414143927e-01,-6.928767306317682451e-01
2.773333333333333428e+01,1.644609579046884537e+09,-2.889565555214046455e-01,9.005973122616556248e-01,-1.841481852380686846e+00,9.005973122616556248e-01,-9.215046009802553284e-01,-7.436636479973334213e-01,-6.817700526878258671e-01
2.775000000000000000e+01,1.644609579062845945e+09,-3.004923377007466812e-01,9.326470386766605447e-01,-1.920355223625134666e+00,9.326470386766605447e-01,-1.089493890606903825e+00,-7.549539795543870335e-01,-6.730938353296096466e-01
2.776666666666666572e+01,1.644609579081791401e+09,-3.118431291144340145e-01,9.326470386766605447e-01,-1.691622447016235764e+00,9.326470386766605447e-01,-1.250741550882426445e+00,-7.661231774595695931e-01,-6.672262126278565297e-01
2.778333333333333144e+01,1.644609579098744154e+09,-3.229721274398596464e-01,9.326470386766605447e-01,-2.535567519331830333e+00,9.326470386766605447e-01,-1.403641254142793837e+00,-7.772165106753384789e-01,-6.639827830031899136e-01
2.780000000000000071e+01,1.644609579114693642e+09,-3.338424002592781936e-01,9.646967650916654646e-01,-2.085989303238476200e+00,9.646967650916654646e-01,-1.546649618347129662e+00,-7.882715603772310065e-01,-6.626269475222218430e-01
2.781666666666666643e+01,1.644609579132676840e+09,-3.444171505501038011e-01,9.646967650916654646e-01,-2.369933439718488799e+00,9.646967650916654646e-01,-1.678300966669292293e+00,-7.993223838397010006e-01,-6.634695274193789238e-01
2.783333333333333215e+01,1.644609579148733616e+09,-3.546599852764270588e-01,9.646967650916654646e-01,-2.212186697229592713e+00,9.646967650916654646e-01,-1.797221424977156090e+00,-8.104035592759405437e-01,-6.662637629812309115e-01
2.784999999999999787e+01,1.644609579167682648e+09,-3.645351849925803633e-01,9.646967650916654646e-01,-2.385708113967379251e+00,9.646967650916654646e-01,-1.902142220290607533e+00,-8.215454110762686613e-01,-6.707460021008850859e-01
2.786666666666666714e+01,1.644609579182723522e+09,-3.740079723489447838e-01,9.646967650916654646e-01,-2.369933439718488799e+00,9.646967650916654646e-01,-1.991912050684697899e+00,-8.327737468265872245e-01,-6.766379211104504021e-01
2.788333333333333286e+01,1.644609579200732946e+09,-3.830447773861326288e-01,9.646967650916654646e-01,-2.369933439718488799e+00,9.646967650916654646e-01,-2.065508405753925913e+00,-8.441096325975563364e-01,-6.836488960171855922e-01
2.789999999999999858e+01,1.644609579218628883e+09,-3.916134975164756726e-01,9.646967650916654646e-01,-2.070214628989586636e+00,9.646967650916654646e-01,-2.122047726585992056e+00,-8.555692088301568576e-01,-6.914785024761571641e-01
2.791666666666666785e+01,1.644609579235582590e+09,-3.996837501209496435e-01,9.646967650916654646e-01,-1.746833806887349905e+00,9.646967650916654646e-01,-2.160794305124034143e+00,-8.671635487713504897e-01,-6.998191215355030748e-01
2.793333333333333357e+01,1.644609579251541615e+09,-4.072271157355776272e-01,9.646967650916654646e-01,-1.202607545300658831e+00,9.646967650916654646e-01,-2.181167834711520648e+00,-8.788985610218060796e-01,-7.083586271120451139e-01
2.794999999999999929e+01,1.644609579268342018e+09,-4.142173698633555556e-01,9.005973122616556248e-01,-1.439227659034001849e+00,9.005973122616556248e-01,-2.182749536402511570e+00,-8.907837907982683046e-01,-7.178426010712638528e-01
2.796666666666666501e+01,1.644609579284348488e+09,-4.206307015252336301e-01,8.685475858466483734e-01,-1.486551681780671208e+00,8.685475858466483734e-01,-2.165286799158297359e+00,-9.028277916383914414e-01,-7.274109204530015971e-01
2.798333333333333428e+01,1.644609579303277016e+09,-4.264459167566194142e-01,7.723984066016336136e-01,-1.833594515256242286e+00,7.723984066016336136e-01,-2.128696286205187249e+00,-9.150381691598691303e-01,-7.378055075915831429e-01
2.800000000000000000e+01,1.644609579323538303e+09,-4.316446253629970253e-01,6.121497745266043511e-01,-8.555647118250864214e-01,6.121497745266043511e-01,-2.073065474462786106e+00,-9.274348039603066418e-01,-7.497574677900820106e-01
2.801666666666666572e+01,1.644609579339495897e+09,-4.362114093690054872e-01,5.480503216965945112e-01,-1.005424117189538613e+00,5.480503216965945112e-01,-1.998652608924882390e+00,-9.400275627929701727e-01,-7.613414137445565499e-01
2.803333333333333144e+01,1.644609579355454445e+09,-4.401339717289260434e-01,4.839508688665823399e-01,-8.634520489495310924e-01,4.839508688665823399e-01,-1.905885069038606217e+00,-9.528078277606575330e-01,-7.722600521130695839e-01
2.805000000000000071e+01,1.644609579372445822e+09,-4.434032640116217228e-01,4.198514160365725556e-01,-6.899306322117463308e-01,4.198514160365725556e-01,-1.795356159336761737e+00,-9.657621490869572334e-01,-7.822308098417730671e-01
2.806666666666666643e+01,1.644609579390718222e+09,-4.460135919287283590e-01,3.878016896215676357e-01,-1.123734174056209456e+00,3.878016896215676357e-01,-1.667820351683223290e+00,-9.788680839575172321e-01,-7.904585193389073172e-01
2.808333333333333215e+01,1.644609579408694506e+09,-4.479626977400366084e-01,3.237022367915554644e-01,-1.707397121265125328e+00,3.237022367915554644e-01,-1.524187021345731141e+00,-9.920990256455085587e-01,-7.972356573934856749e-01
2.809999999999999787e+01,1.644609579423636198e+09,-4.492518187430943333e-01,2.916525103765505444e-01,-1.928242560749580559e+00,2.916525103765505444e-01,-1.365512733569792969e+00,-1.005424494125122692e+00,-8.018078593004256405e-01
2.811666666666666714e+01,1.644609579442045212e+09,-4.498857212341171308e-01,2.275530575465407879e-01,-1.873031200878466862e+00,2.275530575465407879e-01,-1.192992151249998134e+00,-1.018810559274539562e+00,-8.045124457127331707e-01
2.813333333333333286e+01,1.644609579459884882e+09,-4.498727095124853692e-01,1.634536047165285888e-01,-2.109651314611809880e+00,1.634536047165285888e-01,-1.007947647545546443e+00,-1.032224622314561913e+00,-8.051732833865278272e-01
2.814999999999999858e+01,1.644609579475482225e+09,-4.492246096903660391e-01,9.935415188651879059e-02,-1.983453920620692923e+00,9.935415188651879059e-02,-8.118177197368712239e-01,-1.045631371925501485e+00,-8.036409265730942719e-01
2.816666666666666785e+01,1.644609579492461443e+09,-4.479567282606253253e-01,6.730442547151148369e-02,-1.936129897874025119e+00,6.730442547151148369e-02,-6.061443121455978300e-01,-1.058988812916627387e+00,-7.992641503598697517e-01
2.818333333333333357e+01,1.644609579510707617e+09,-4.460877855688353821e-01,3.525469905650659153e-02,-1.849369189505131184e+00,3.525469905650659153e-02,-3.925591664335004172e-01,-1.072248838397353188e+00,-7.919591993354272441e-01
2.819999999999999929e+01,1.644609579529036999e+09,-4.436398245271832574e-01,3.525469905650659153e-02,-1.313030265042885114e+00,3.525469905650659153e-02,-1.727693269485137684e-01,-1.085357766175520267e+00,-7.811421820221270407e-01
2.821666666666666501e+01,1.644609579544974089e+09,-4.406380950981531042e-01,3.525469905650659153e-02,-1.644298424269566627e+00,3.525469905650659153e-02,5.145806308787037597e-02,-1.098256933984632866e+00,-7.667978015106081680e-01
2.823333333333333428e+01,1.644609579562195778e+09,-4.371109152622759120e-01,6.730442547151148369e-02,-1.628523750020677507e+00,6.730442547151148369e-02,2.783115319404489418e-01,-1.110883250199698136e+00,-7.484112193386768253e-01
2.825000000000000000e+01,1.644609579578481436e+09,-4.330895093657597950e-01,9.935415188651879059e-02,-1.644298424269566627e+00,9.935415188651879059e-02,5.059514682123017471e-01,-1.123169794476680527e+00,-7.260362480600474067e-01
2.826666666666666572e+01,1.644609579593412399e+09,-4.286078249188307598e-01,2.275530575465407879e-01,-1.873031200878466862e+00,2.275530575465407879e-01,7.325265761188876068e-01,-1.135037511444107583e+00,-6.981672038648633061e-01
2.828333333333333144e+01,1.644609579613387585e+09,-4.237023290829469713e-01,3.878016896215676357e-01,-1.778383155385128145e+00,3.878016896215676357e-01,9.561904425657956619e-01,-1.146391567442047732e+00,-6.644132789971337605e-01
2.830000000000000071e+01,1.644609579631712437e+09,-4.184117862431503965e-01,5.480503216965945112e-01,-1.794157829634018819e+00,5.480503216965945112e-01,1.175118060351760807e+00,-1.157135348121641982e+00,-6.249500252834003788e-01
2.831666666666666643e+01,1.644609579647690773e+09,-4.127770182096842100e-01,6.441995009416116025e-01,-1.691622447016235764e+00,6.441995009416116025e-01,1.387522152265758368e+00,-1.167184241058529581e+00,-5.810391047930566488e-01
2.833333333333333215e+01,1.644609579665824890e+09,-4.068406487292722251e-01,8.364978594316434535e-01,-1.715284458389569888e+00,8.364978594316434535e-01,1.591669142784012170e+00,-1.176452593089406751e+00,-5.313013027252520004e-01
2.834999999999999787e+01,1.644609579682105303e+09,-4.006468341102462083e-01,1.060845944336682445e+00,-1.904580549376245324e+00,1.060845944336682445e+00,1.785894627495137277e+00,-1.184841037972234945e+00,-4.754671816452268884e-01
2.836666666666666714e+01,1.644609579696648836e+09,-3.942409818757194873e-01,1.253144302826714185e+00,-2.101763977487365320e+00,1.253144302826714185e+00,1.968618195242684443e+00,-1.192254827791482175e+00,-4.143573501914897816e-01
2.838333333333333286e+01,1.644609579715598106e+09,-3.876694594548778516e-01,1.477492387731753398e+00,-2.164862674482924021e+00,1.477492387731753398e+00,2.138357464234775573e+00,-1.198604129398287643e+00,-3.477438843852421746e-01
2.839999999999999858e+01,1.644609579732887030e+09,-3.809792950027713343e-01,1.765939925466802229e+00,-2.582891542078499025e+00,1.765939925466802229e+00,2.293741200966187499e+00,-1.203791105063036104e+00,-2.748955566132773032e-01
2.841666666666666785e+01,1.644609579751861811e+09,-3.742178725038373122e-01,1.990288010371841443e+00,-2.362046102594043795e+00,1.990288010371841443e+00,2.433521399655260709e+00,-1.207723710198746581e+00,-1.972327946437817947e-01
2.843333333333333357e+01,1.644609579767819405e+09,-3.674326233624906624e-01,2.118486916031863121e+00,-2.306834742722930098e+00,2.118486916031863121e+00,2.556584209927540208e+00,-1.210337958394156699e+00,-1.167006943490483950e-01
2.844999999999999929e+01,1.644609579783209085e+09,-3.606707167157631733e-01,2.214636095276880212e+00,-1.967679246371803581e+00,2.214636095276880212e+00,2.661959611587514374e+00,-1.211593293376194147e+00,-3.416876425260435834e-02
2.846666666666666501e+01,1.644609579800181150e+09,-3.539787507174055881e-01,2.278735548106890274e+00,-1.723171795514014670e+00,2.278735548106890274e+00,2.748829747393538803e+00,-1.211463643546411673e+00,4.949434084262027689e-02
2.848333333333333428e+01,1.644609579815559387e+09,-3.474024470402357068e-01,2.342835000936902556e+00,-1.691622447016235764e+00,2.342835000936902556e+00,2.816535837676974907e+00,-1.209932959174147893e+00,1.339531704472545492e-01
2.850000000000000000e+01,1.644609579833503723e+09,-3.409863508236840590e-01,2.374884727351907365e+00,-1.936129897874025119e+00,2.374884727351907365e+00,2.864583614295204583e+00,-1.206995230030409205e+00,2.183399136643010552e-01
2.851666666666666572e+01,1.644609579850456953e+09,-3.347735382566999207e-01,2.438984180181916983e+00,-1.754721144011794465e+00,2.438984180181916983e+00,2.892647225647331233e+00,-1.202649981097054566e+00,3.028551881614338637e-01
2.853333333333333144e+01,1.644609579867432833e+09,-3.288053339325703872e-01,2.503083633011929265e+00,-1.912467886500689884e+00,2.503083633011929265e+00,2.900571579171766778e+00,-1.196897869583227081e+00,3.871639968506679907e-01
2.855000000000000071e+01,1.644609579887383938e+09,-3.231210400423125129e-01,2.567183085841938883e+00,-1.802045166758463379e+00,2.567183085841938883e+00,2.888373102743488019e+00,-1.189745087443878413e+00,4.709371511877432082e-01
2.856666666666666643e+01,1.644609579905515909e+09,-3.177576793876231154e-01,2.631282538671951166e+00,-1.675847772767346422e+00,2.631282538671951166e+00,2.856238921548708287e+00,-1.181203241796187964e+00,5.538539965437304646e-01
2.858333333333333215e+01,1.644609579921471596e+09,-3.127497540933409370e-01,2.663332265086955974e+00,-1.849369189505131184e+00,2.663332265086955974e+00,2.804524462190178369e+00,-1.171293617344677740e+00,6.350753175468391021e-01
2.859999999999999787e+01,1.644609579938886404e+09,-3.081290217842533874e-01,2.695381991501961227e+00,-2.220074034354037718e+00,2.695381991501961227e+00,2.733749510814979633e+00,-1.160046871286560810e+00,7.143140965273377940e-01
2.861666666666666714e+01,1.644609579955801487e+09,-3.039242908621869188e-01,2.727431717916966036e+00,-2.488243496585160752e+00,2.727431717916966036e+00,2.644592766819221730e+00,-1.147498311061555754e+00,7.912992777146026224e-01
2.863333333333333286e+01,1.644609579972116709e+09,-3.001612363779692094e-01,2.727431717916966036e+00,-2.590778879202944029e+00,2.727431717916966036e+00,2.537884948019306641e+00,-1.133692036252245350e+00,8.652482806708967633e-01
2.864999999999999858e+01,1.644609579988074303e+09,-2.968622378402097084e-01,2.759481444331973066e+00,-2.511905507958494432e+00,2.759481444331973066e+00,2.414600516953980591e+00,-1.118676093316446574e+00,9.364670370898638962e-01
2.866666666666666785e+01,1.644609580005028248e+09,-2.940462401396705672e-01,2.759481444331973066e+00,-2.748525621691839671e+00,2.759481444331973066e+00,2.275848111057788170e+00,-1.102502172428706961e+00,1.004215275458620216e+00
2.868333333333333357e+01,1.644609580022827864e+09,-2.917286385960594641e-01,2.759481444331973066e+00,-3.016695083922962262e+00,2.759481444331973066e+00,2.122859771701258946e+00,-1.085229602481077915e+00,1.068315059111545118e+00
2.869999999999999929e+01,1.644609580040143013e+09,-2.899211889543273357e-01,2.791531170746978319e+00,-2.914159701305181205e+00,2.791531170746978319e+00,1.956979078403635608e+00,-1.066916041099925883e+00,1.129143335216236776e+00
2.871666666666666501e+01,1.644609580057118654e+09,-2.886319429715011875e-01,2.791531170746978319e+00,-2.354158765469599235e+00,2.791531170746978319e+00,1.779648304784836821e+00,-1.047621569763811378e+00,1.186035188472319257e+00
2.873333333333333428e+01,1.644609580074080944e+09,-2.878652100442349870e-01,2.791531170746978319e+00,-2.172750011607368581e+00,2.791531170746978319e+00,1.592394721934028867e+00,-1.027412622362885442e+00,1.238891672616076800e+00
2.875000000000000000e+01,1.644609580092008114e+09,-2.876215451329400818e-01,2.791531170746978319e+00,-2.141200663109589897e+00,2.791531170746978319e+00,1.396816182743813473e+00,-1.006357047528948279e+00,1.287641887006986119e+00
2.876666666666666572e+01,1.644609580107989550e+09,-2.878977630422043799e-01,2.791531170746978319e+00,-1.817819841007352943e+00,2.791531170746978319e+00,1.194566127319717896e+00,-9.845236374043381256e-01,1.332243431850154147e+00
2.878333333333333144e+01,1.644609580127663136e+09,-2.886869789206089609e-01,2.823580897161983128e+00,-1.833594515256242286e+00,2.823580897161983128e+00,9.873381547579556106e-01,-9.619772242934038209e-01,1.373212336271218748e+00
2.880000000000000071e+01,1.644609580144061565e+09,-2.899786746476683552e-01,2.823580897161983128e+00,-1.683735109891791204e+00,2.823580897161983128e+00,7.768503103457915504e-01,-9.387827274404035860e-01,1.410025026210014687e+00
2.881666666666666643e+01,1.644609580160011053e+09,-2.917587905827890293e-01,2.823580897161983128e+00,-1.186832871051768157e+00,2.823580897161983128e+00,5.648292395409546529e-01,-9.150090547982848710e-01,1.442724855846278187e+00
2.883333333333333215e+01,1.644609580176201582e+09,-2.940098419624590509e-01,2.791531170746978319e+00,-1.470777007531781866e+00,2.791531170746978319e+00,3.529943609066604759e-01,-8.907285869756882413e-01,1.470853146884575580e+00
2.884999999999999787e+01,1.644609580194162130e+09,-2.967110590488569732e-01,2.791531170746978319e+00,-1.494439018905115768e+00,2.791531170746978319e+00,1.430422095186341114e-01,-8.660121980919565088e-01,1.495046314338604132e+00
2.886666666666666714e+01,1.644609580212060452e+09,-2.998385499568839707e-01,2.823580897161983128e+00,-1.596974401522898823e+00,2.823580897161983128e+00,-6.336889977900006521e-02,-8.409200142042231318e-01,1.515957663740587158e+00
2.888333333333333286e+01,1.644609580230011463e+09,-3.033654849189044711e-01,2.823580897161983128e+00,-1.320917602167329674e+00,2.823580897161983128e+00,-2.646337434851367965e-01,-8.155099949131082715e-01,1.533196763677419749e+00
2.889999999999999858e+01,1.644609580248010635e+09,-3.072623005883483582e-01,2.791531170746978319e+00,-1.581199727274008149e+00,2.791531170746978319e+00,-4.592144541421485648e-01,-7.898463406718484459e-01,1.546405054712907123e+00
2.891666666666666785e+01,1.644609580261925936e+09,-3.114969228360093267e-01,2.791531170746978319e+00,-1.841481852380686846e+00,2.791531170746978319e+00,-6.456540442211938791e-01,-7.639901237116218935e-01,1.556313456528110262e+00
2.893333333333333357e+01,1.644609580280900955e+09,-3.160350063575564361e-01,2.823580897161983128e+00,-1.794157829634018819e+00,2.823580897161983128e+00,-8.225890624564345943e-01,-7.379901469033445238e-01,1.563663343631592095e+00
2.894999999999999929e+01,1.644609580298629999e+09,-3.208401892885057727e-01,2.791531170746978319e+00,-2.007115931994028379e+00,2.791531170746978319e+00,-9.887612647874692851e-01,-7.118960656584553126e-01,1.567615427486028112e+00
2.896666666666666501e+01,1.644609580315007687e+09,-3.258743609144399977e-01,2.791531170746978319e+00,-2.645990239074057726e+00,2.791531170746978319e+00,-1.143028192093837436e+00,-6.857579696380937673e-01,1.568952381109885552e+00
2.898333333333333428e+01,1.644609580332937956e+09,-3.310979404707329876e-01,2.823580897161983128e+00,-2.874723015682956184e+00,2.823580897161983128e+00,-1.284372557963765926e+00,-6.596128715481726079e-01,1.568460755339934565e+00
2.900000000000000000e+01,1.644609580354203701e+09,-3.364701649478031298e-01,2.823580897161983128e+00,-2.464581485211826628e+00,2.823580897161983128e+00,-1.411910361717410023e+00,-6.334935149025794354e-01,1.565869240951750951e+00
2.901666666666666572e+01,1.644609580368158102e+09,-3.419493837559077209e-01,2.791531170746978319e+00,-2.787962307314063803e+00,2.791531170746978319e+00,-1.524897654688201154e+00,-6.074370248076824685e-01,1.560923309457833641e+00
2.903333333333333144e+01,1.644609580385140896e+09,-3.474933580578180026e-01,2.823580897161983128e+00,-2.582891542078499025e+00,2.823580897161983128e+00,-1.622735901221106669e+00,-5.814713705130502008e-01,1.554971738428882588e+00
2.905000000000000071e+01,1.644609580400121212e+09,-3.530595625490835499e-01,2.823580897161983128e+00,-2.472468822336271632e+00,2.823580897161983128e+00,-1.704975889844311698e+00,-5.556154460632043435e-01,1.547759230767664640e+00
2.906666666666666643e+01,1.644609580418237448e+09,-3.586054874538117110e-01,2.791531170746978319e+00,-2.945709049802959445e+00,2.791531170746978319e+00,-1.771320164471674730e+00,-5.298923241077415636e-01,1.539039625583456861e+00
2.908333333333333215e+01,1.644609580433512449e+09,-3.640889385093832864e-01,2.727431717916966036e+00,-3.016695083922962262e+00,2.727431717916966036e+00,-1.821623960152544575e+00,-5.043291259828982520e-01,1.528573223421353822e+00
2.909999999999999787e+01,1.644609580449661970e+09,-3.694683327359841174e-01,2.695381991501961227e+00,-3.679231402376325732e+00,2.695381991501961227e+00,-1.855894642659500660e+00,-4.789480824773731937e-01,1.517183635729869806e+00
2.911666666666666714e+01,1.644609580467637777e+09,-3.747029878261272096e-01,2.503083633011929265e+00,-3.553034008385208775e+00,2.503083633011929265e+00,-1.874289665948282613e+00,-4.537843933728590851e-01,1.502499846076416512e+00
2.913333333333333286e+01,1.644609580483597517e+09,-3.797534030452094367e-01,2.278735548106890274e+00,-3.284864546154085740e+00,2.278735548106890274e+00,-1.877113076088211763e+00,-4.288947830037964093e-01,1.484303943574331930e+00
2.914999999999999858e+01,1.644609580501547575e+09,-3.845815296060704491e-01,2.054387463201851283e+00,-2.835286330060732052e+00,2.054387463201851283e+00,-1.864810604508825964e+00,-4.043352122952195149e-01,1.462903987177305520e+00
2.916666666666666785e+01,1.644609580517480612e+09,-3.891510285677762249e-01,1.733890199051797421e+00,-2.969371061176293569e+00,1.733890199051797421e+00,-1.837963407189508125e+00,-3.801699108476911393e-01,1.437004132260815359e+00
2.918333333333333357e+01,1.644609580533462763e+09,-3.934275144111243350e-01,1.541591840561763238e+00,-2.109651314611809880e+00,1.541591840561763238e+00,-1.797280519608982718e+00,-3.564536375523803535e-01,1.409026380981384330e+00
2.919999999999999929e+01,1.644609580551847458e+09,-3.973787825593496081e-01,1.189044849996704567e+00,-2.425144799589602052e+00,1.189044849996704567e+00,-1.743590109731753435e+00,-3.332410740308053843e-01,1.376571396464225217e+00
2.921666666666666501e+01,1.644609580569371223e+09,-4.009750192416460246e-01,9.967464915066702735e-01,-2.093876640362920760e+00,9.967464915066702735e-01,-1.677829622921179098e+00,-3.105824216931692416e-01,1.342561358603013844e+00
2.923333333333333428e+01,1.644609580586590052e+09,-4.041889922382063127e-01,7.723984066016336136e-01,-2.188524685856259033e+00,7.723984066016336136e-01,-1.601034923321756898e+00,-2.885062859836904914e-01,1.306674614281533087e+00
2.925000000000000000e+01,1.644609580602593660e+09,-4.069962211973990884e-01,6.121497745266043511e-01,-2.732750947442950107e+00,6.121497745266043511e-01,-1.514328545838339757e+00,-2.670334636774372994e-01,1.270165479120084262e+00
2.926666666666666572e+01,1.644609580621545792e+09,-4.093751263774178528e-01,4.519011424515774755e-01,-2.716976273194060987e+00,4.519011424515774755e-01,-1.418907181265725681e+00,-2.461730382717771115e-01,1.233188286400854983e+00
2.928333333333333144e+01,1.644609580637522459e+09,-4.113071548346092787e-01,3.878016896215676357e-01,-2.062327291865142076e+00,3.878016896215676357e-01,-1.316028524310183467e+00,-2.259184359001049636e-01,1.197463236784372498e+00
2.930000000000000071e+01,1.644609580653234005e+09,-4.127768832578564417e-01,3.878016896215676357e-01,-2.267398057100706854e+00,3.878016896215676357e-01,-1.206997620119000691e+00,-2.062392572574718863e-01,1.164130792633448763e+00
2.931666666666666643e+01,1.644609580671527624e+09,-4.137720968309895886e-01,3.878016896215676357e-01,-1.754721144011794465e+00,3.878016896215676357e-01,-1.093152849444744223e+00,-1.870952911603386837e-01,1.133230973872595859e+00
2.933333333333333215e+01,1.644609580689512014e+09,-4.142838436921794099e-01,3.878016896215676357e-01,-2.046552617616251624e+00,3.878016896215676357e-01,-9.758516956736542625e-01,-1.684458524502789045e-01,1.104780701728334646e+00
2.934999999999999787e+01,1.644609580706465006e+09,-4.143064647488008401e-01,3.878016896215676357e-01,-2.291060068474040978e+00,3.878016896215676357e-01,-8.564564386098247883e-01,-1.502501644443585971e-01,1.078774101239276639e+00
2.936666666666666714e+01,1.644609580723425388e+09,-4.138375987972259806e-01,3.878016896215676357e-01,-2.362046102594043795e+00,3.878016896215676357e-01,-7.363199201222482282e-01,-1.324677344194083450e-01,1.055183034039315126e+00
2.938333333333333286e+01,1.644609580741432905e+09,-4.128781630875961173e-01,3.878016896215676357e-01,-2.117538651736254440e+00,3.878016896215676357e-01,-6.167715255224067716e-01,-1.150587183539045211e-01,1.033957854042130586e+00
2.939999999999999858e+01,1.644609580758871317e+09,-4.114323096624589171e-01,3.878016896215676357e-01,-2.275285394225151414e+00,3.878016896215676357e-01,-4.991035218658573802e-01,-9.798427129252382239e-02,1.015028376443344982e+00
2.941666666666666785e+01,1.644609580774830103e+09,-4.095073579839257349e-01,3.878016896215676357e-01,-2.156975337358479017e+00,3.878016896215676357e-01,-3.845578902893724837e-01,-8.120687987577668299e-02,9.983050483488010718e-01
2.943333333333333357e+01,1.644609580790768147e+09,-4.071137045449120251e-01,3.878016896215676357e-01,-1.928242560749580559e+00,3.878016896215676357e-01,-2.743137840495455393e-01,-6.469067378855526684e-02,9.836803073544466702e-01
2.944999999999999929e+01,1.644609580807360888e+09,-4.042647103349467086e-01,3.878016896215676357e-01,-1.896693212251800542e+00,3.878016896215676357e-01,-1.694757371715780447e-01,-4.840171312470366999e-02,9.710301125647615716e-01
2.946666666666666501e+01,1.644609580826367855e+09,-4.009765671985924262e-01,3.878016896215676357e-01,-1.218382219549547951e+00,3.878016896215676357e-01,-7.106274062560746785e-02,-3.230824893727553965e-02,9.602156308605994672e-01
2.948333333333333428e+01,1.644609580842531443e+09,-3.972681442831296206e-01,2.916525103765505444e-01,-1.313030265042885114e+00,2.916525103765505444e-01,2.000170620388042053e-02,-1.639423471575272157e-02,9.494958535820838819e-01
2.950000000000000000e+01,1.644609580856397152e+09,-3.931608159210238651e-01,2.275530575465407879e-01,-1.249931568047326635e+00,2.275530575465407879e-01,1.028984712057052775e-01,-6.548065337487751769e-04,9.392639508792840486e-01
2.951666666666666572e+01,1.644609580876322269e+09,-3.886782724303128878e-01,1.314038783015236689e-01,-1.462889670407337528e+00,1.314038783015236689e-01,1.769205060104945826e-01,1.491244695981768648e-02,9.288354371242512064e-01
2.953333333333333144e+01,1.644609580893195868e+09,-3.838463154415073797e-01,-2.884475377350440711e-02,-1.455002333282891192e+00,-2.884475377350440711e-02,2.414793288888139600e-01,3.029411555813093029e-02,9.169976781111931485e-01
2.955000000000000071e+01,1.644609580909996986e+09,-3.786926394719776212e-01,-2.211431122635373892e-01,-1.746833806887349905e+00,-2.211431122635373892e-01,2.961102124745347286e-01,4.546110850974890288e-02,9.030801368297585174e-01
2.956666666666666643e+01,1.644609580925750732e+09,-3.732466015671180859e-01,-3.493420179235594003e-01,-1.249931568047326635e+00,-3.493420179235594003e-01,3.404760280563150499e-01,6.038648566952396768e-02,8.880069931721960019e-01
2.958333333333333215e+01,1.644609580941983700e+09,-3.675389809111985207e-01,-4.775409235835813559e-01,-1.123734174056209456e+00,-4.775409235835813559e-01,3.743697119883473423e-01,7.504970019418205629e-02,8.716242584542840399e-01
2.959999999999999787e+01,1.644609580959273577e+09,-3.616017303791299042e-01,-6.377895556586082870e-01,-1.226269556673992733e+00,-6.377895556586082870e-01,3.977153339052748038e-01,8.942322281962833408e-02,8.532494987996155356e-01
2.961666666666666714e+01,1.644609580978047132e+09,-3.554677220526527570e-01,-7.659884613186302982e-01,-9.738747686917587076e-01,-7.659884613186302982e-01,4.105677607402014040e-01,1.034771056685922230e-01,8.332719376076778151e-01
2.963333333333333286e+01,1.644609580994039297e+09,-3.491704887607353092e-01,-8.621376405636461682e-01,-1.036973465687317075e+00,-8.621376405636461682e-01,4.131109248984006221e-01,1.171878595655667099e-01,8.120774051162825691e-01
2.964999999999999858e+01,1.644609581010958910e+09,-3.427439637235602521e-01,-9.582868198086632594e-01,-1.320917602167329674e+00,-9.582868198086632594e-01,4.056547191860372381e-01,1.305339886262880389e-01,7.895207410451841046e-01
2.966666666666666785e+01,1.644609581027139902e+09,-3.362222203825759870e-01,-1.022386272638674320e+00,-1.896693212251800542e+00,-1.022386272638674320e+00,3.886305550918980334e-01,1.434960839890730977e-01,7.659960503899527762e-01
2.968333333333333357e+01,1.644609581046144724e+09,-3.296392144855972983e-01,-1.054435999053679129e+00,-2.235848708602926838e+00,-1.054435999053679129e+00,3.625856346286726595e-01,1.560613263546680451e-01,7.418999686172743635e-01
2.969999999999999929e+01,1.644609581063971996e+09,-3.230285304659342716e-01,-1.086485725468685271e+00,-1.833594515256242286e+00,-1.086485725468685271e+00,3.281759990247083980e-01,1.682191161199793339e-01,7.171036834112300973e-01
2.971666666666666501e+01,1.644609581078903675e+09,-3.164231341084640659e-01,-1.118535451883690079e+00,-2.117538651736254440e+00,-1.118535451883690079e+00,2.861584299833361822e-01,1.799568291286692823e-01,6.914930200375342118e-01
2.973333333333333428e+01,1.644609581096830130e+09,-3.098551334336908103e-01,-1.118535451883690079e+00,-2.046552617616251624e+00,-1.118535451883690079e+00,2.373812908742708450e-01,1.912644979826096658e-01,6.654994485001034521e-01
2.975000000000000000e+01,1.644609581113679886e+09,-3.033555496537047591e-01,-1.118535451883690079e+00,-2.243736045727371398e+00,-1.118535451883690079e+00,1.827744059690897815e-01,2.021349885591399720e-01,6.390329404916631484e-01
2.976666666666666572e+01,1.644609581131637096e+09,-2.969540999623509481e-01,-1.182634904713701030e+00,-2.243736045727371398e+00,-1.182634904713701030e+00,1.233380855781412988e-01,2.125509634135170078e-01,6.109620186516934170e-01
2.978333333333333144e+01,1.644609581147790194e+09,-2.906789938164187070e-01,-1.246734357543712202e+00,-2.835286330060732052e+00,-1.246734357543712202e+00,6.013141358599100039e-02,2.224853831548098126e-01,5.812508831777719598e-01
2.980000000000000071e+01,1.644609581166991711e+09,-2.845567442462542673e-01,-1.406982989618740243e+00,-3.379512591647424014e+00,-1.406982989618740243e+00,-5.740078662054143299e-03,2.318974891973283325e-01,5.482933926639068645e-01
2.981666666666666643e+01,1.644609581183696270e+09,-2.786119956038827228e-01,-1.599281348108773093e+00,-3.340075906025199881e+00,-1.599281348108773093e+00,-7.313722198219932413e-02,2.407289865640264426e-01,5.115882524623591721e-01
2.983333333333333215e+01,1.644609581199677467e+09,-2.728673690154588827e-01,-1.727480253768793883e+00,-3.395287265896313578e+00,-1.727480253768793883e+00,-1.409003674758254887e-01,2.489267349500267901e-01,4.722508270556151633e-01
2.984999999999999787e+01,1.644609581217632294e+09,-2.673433266538997599e-01,-1.855679159428816005e+00,-3.655569391002992052e+00,-1.855679159428816005e+00,-2.078627546568008466e-01,2.564473371089264209e-01,4.303378596619552576e-01
2.986666666666666714e+01,1.644609581233568907e+09,-2.620580557881361794e-01,-1.887728885843822146e+00,-3.466273300016316394e+00,-1.887728885843822146e+00,-2.728639489984927002e-01,2.632617741296343072e-01,3.875135420605421155e-01
2.988333333333333286e+01,1.644609581249179602e+09,-2.570273733986898623e-01,-1.951828338673833096e+00,-3.418949277269647258e+00,-1.951828338673833096e+00,-3.347632076634462495e-01,2.693509844348657700e-01,3.433144726496893395e-01
2.989999999999999858e+01,1.644609581266642094e+09,-2.522646519768455553e-01,-1.951828338673833096e+00,-2.961483724051848565e+00,-1.951828338673833096e+00,-3.924526329552321946e-01,2.747016802885641207e-01,2.988924272688399109e-01
2.991666666666666785e+01,1.644609581286581516e+09,-2.477807669477004593e-01,-1.983878065088837905e+00,-3.111343129416300979e+00,-1.983878065088837905e+00,-4.448699752394769669e-01,2.793064776806462590e-01,2.538084958712858441e-01
2.993333333333333357e+01,1.644609581301909208e+09,-2.435840659774396733e-01,-2.015927791503844269e+00,-3.079793780918520962e+00,-2.015927791503844269e+00,-4.910109506916147115e-01,2.831553034924458867e-01,2.081773576895619149e-01
2.994999999999999929e+01,1.644609581321231365e+09,-2.396803602436277103e-01,-2.080027244333855219e+00,-2.961483724051848565e+00,-2.080027244333855219e+00,-5.299409442059441755e-01,2.862356824515865927e-01,1.615975089214245486e-01
2.996666666666666501e+01,1.644609581337534189e+09,-2.360729375657432405e-01,-2.144126697163866169e+00,-2.393595451091823811e+00,-2.144126697163866169e+00,-5.608059740978135199e-01,2.885330476881408091e-01,1.142179324971756976e-01
2.998333333333333428e+01,1.644609581353896856e+09,-2.327625971129217153e-01,-2.240275876408881928e+00,-2.575004204954053133e+00,-2.240275876408881928e+00,-5.828428027818484125e-01,2.900309734979744092e-01,6.566802870082995292e-02
3.000000000000000000e+01,1.644609581372939587e+09,-2.297477052284299659e-01,-2.336425055653899019e+00,-1.896693212251800542e+00,-2.336425055653899019e+00,-5.953880863374401144e-01,2.907114270480354867e-01,1.612402278424655833e-02
3.001666666666666572e+01,1.644609581387873650e+09,-2.270242717372790708e-01,-2.432574234898914778e+00,-1.936129897874025119e+00,-2.432574234898914778e+00,-5.978864656956008883e-01,2.905593649589551797e-01,-3.423159346991504898e-02
3.003333333333333144e+01,1.644609581403604984e+09,-2.245860459358518246e-01,-2.560773140558937122e+00,-2.022890606242917499e+00,-2.560773140558937122e+00,-5.898975129918473392e-01,2.895583942831315705e-01,-8.574180035327116922e-02
3.005000000000000071e+01,1.644609581421588898e+09,-2.224246313018129750e-01,-2.624872593388948072e+00,-2.385708113967379251e+00,-2.624872593388948072e+00,-5.711014583292710611e-01,2.876997774467688895e-01,-1.371494177122121183e-01
3.006666666666666643e+01,1.644609581438908339e+09,-2.205296178104688143e-01,-2.721021772633965163e+00,-2.180637348731813141e+00,-2.721021772633965163e+00,-5.413036346579339630e-01,2.849823029511784900e-01,-1.888040333381533487e-01
3.008333333333333215e+01,1.644609581456289053e+09,-2.188887306007853972e-01,-2.785121225463974781e+00,-1.959791909247359243e+00,-2.785121225463974781e+00,-5.004375915824410548e-01,2.814078437462920745e-01,-2.399888877507071749e-01
3.009999999999999787e+01,1.644609581473261356e+09,-2.174879936023265126e-01,-2.817170951878980922e+00,-2.164862674482924021e+00,-2.817170951878980922e+00,-4.485668425233844125e-01,2.769901110016986800e-01,-2.900001182461532379e-01
3.011666666666666714e+01,1.644609581489218473e+09,-2.163119066138332880e-01,-2.881270404708991872e+00,-2.275285394225151414e+00,-2.881270404708991872e+00,-3.858852236471206343e-01,2.717455694930249188e-01,-3.392081705434146777e-01
3.013333333333333286e+01,1.644609581508147478e+09,-2.153436342164368744e-01,-2.945369857539002822e+00,-2.346271428345154675e+00,-2.945369857539002822e+00,-3.127158571967225686e-01,2.656889431611283436e-01,-3.874529727904468812e-01
3.014999999999999858e+01,1.644609581525102139e+09,-2.145652048101969189e-01,-3.009469310369013773e+00,-2.543454856456274449e+00,-3.009469310369013773e+00,-2.295087261682127178e-01,2.588375395499873388e-01,-4.345845364549262846e-01
3.016666666666666785e+01,1.644609581540069342e+09,-2.139577179827464593e-01,-3.041519036784018581e+00,-2.866835678558512068e+00,-3.041519036784018581e+00,-1.368368815296150398e-01,2.512154928700800482e-01,-4.799350884135795692e-01
3.018333333333333357e+01,1.644609581557987690e+09,-2.135015583535909145e-01,-3.137668216029035673e+00,-2.772187633065173351e+00,-3.137668216029035673e+00,-3.539131723944044516e-02,2.428445990377388342e-01,-5.244485201357129700e-01
3.019999999999999929e+01,1.644609581577933311e+09,-2.131766139880468258e-01,-3.169717942444040926e+00,-2.385708113967379251e+00,-3.169717942444040926e+00,7.402543796193628012e-02,2.337486488667156748e-01,-5.669474450393915399e-01
3.021666666666666501e+01,1.644609581593925476e+09,-2.129624974408297067e-01,-3.201767668859047067e+00,-2.401482788216268371e+00,-3.201767668859047067e+00,1.905069497736260331e-01,2.239619150136726577e-01,-6.073483898377721735e-01
3.023333333333333428e+01,1.644609581612878323e+09,-2.128387674714902755e-01,-3.201767668859047067e+00,-2.338384091220709671e+00,-3.201767668859047067e+00,3.130516537233314356e-01,2.135243382149669134e-01,-6.450560799579949656e-01
3.025000000000000000e+01,1.644609581627290487e+09,-2.127851494722912962e-01,-3.201767668859047067e+00,-2.598666216327388589e+00,-3.201767668859047067e+00,4.405726899897220994e-01,2.024811213883903338e-01,-6.800327794459071207e-01
3.026666666666666572e+01,1.644609581646528959e+09,-2.127817526636364698e-01,-3.201767668859047067e+00,-1.904580549376245324e+00,-3.201767668859047067e+00,5.719086998888474049e-01,1.908779307647543444e-01,-7.122605716384411423e-01
3.028333333333333144e+01,1.644609581663795471e+09,-2.128092821427797487e-01,-3.201767668859047067e+00,-2.338384091220709671e+00,-3.201767668859047067e+00,7.058354761954560574e-01,1.787605596231502392e-01,-7.417420703745635224e-01
3.030000000000000071e+01,1.644609581679732800e+09,-2.128492439180558193e-01,-3.201767668859047067e+00,-2.890497689931845748e+00,-3.201767668859047067e+00,8.410783504776546682e-01,1.661745819818714331e-01,-7.685009147063078805e-01
3.031666666666666643e+01,1.644609581697680950e+09,-2.128841411225998737e-01,-3.201767668859047067e+00,-2.819511655811842488e+00,-3.201767668859047067e+00,9.763251927994589519e-01,1.531649999080069713e-01,-7.925820405667699520e-01
3.033333333333333215e+01,1.644609581716603041e+09,-2.128976596784031283e-01,-3.201767668859047067e+00,-2.835286330060732052e+00,-3.201767668859047067e+00,1.110239892561770025e+00,1.397758881987385404e-01,-8.140517251291228273e-01
3.034999999999999787e+01,1.644609581731564760e+09,-2.128748417725643827e-01,-3.201767668859047067e+00,-2.851061004309622504e+00,-3.201767668859047067e+00,1.241476183982209713e+00,1.260500402390295205e-01,-8.329974019173610467e-01
3.036666666666666714e+01,1.644609581750538588e+09,-2.128022456121471950e-01,-3.201767668859047067e+00,-2.851061004309622504e+00,-3.201767668859047067e+00,1.368691675808605845e+00,1.120286188530557892e-01,-8.495272470822280431e-01
3.038333333333333286e+01,1.644609581765472174e+09,-2.126680900413990272e-01,-3.201767668859047067e+00,-2.401482788216268371e+00,-3.201767668859047067e+00,1.490561942360939307e+00,9.775081594015566644e-02,-8.637695396109630330e-01
3.039999999999999858e+01,1.644609581782449722e+09,-2.124623827340189619e-01,-3.201767668859047067e+00,-2.212186697229592713e+00,-3.201767668859047067e+00,1.605794531934041203e+00,8.325352462043009161e-02,-8.758718005733209244e-01
3.041666666666666785e+01,1.644609581802396297e+09,-2.121770308129068416e-01,-3.105618489614029976e+00,-2.330496754096265111e+00,-3.105618489614029976e+00,1.713142748971938190e+00,6.858430768356862939e-02,-8.844105126471609735e-01
3.043333333333333357e+01,1.644609581817708969e+09,-2.118059328989728429e-01,-3.009469310369013773e+00,-3.276977209029641180e+00,-3.009469310369013773e+00,1.811419068251387543e+00,5.380081239685095829e-02,-8.895945213957370257e-01
3.044999999999999929e+01,1.644609581833755016e+09,-2.113450517481988145e-01,-2.849220678293985731e+00,-3.292751883278530745e+00,-2.849220678293985731e+00,1.899508042566171229e+00,3.896593349630658731e-02,-8.905881864239895140e-01
3.046666666666666501e+01,1.644609581850554705e+09,-2.107924668006770086e-01,-2.688972046218959022e+00,-2.977258398300739017e+00,-2.688972046218959022e+00,1.976378570055885353e+00,2.414738177410223272e-02,-8.876461926378363954e-01
3.048333333333333428e+01,1.644609581869923592e+09,-2.101484061356883593e-01,-2.528723414143931869e+00,-2.953596386927404449e+00,-2.528723414143931869e+00,2.041095393327086782e+00,9.408529272961090040e-03,-8.810344738169759715e-01
3.050000000000000000e+01,1.644609581882841587e+09,-2.094152575014747719e-01,-2.368474782068903828e+00,-2.622328227700722714e+00,-2.368474782068903828e+00,2.092829709817916939e+00,-5.191761937772342017e-03,-8.710282671437590274e-01
3.051666666666666572e+01,1.644609581902504206e+09,-2.085975582658839977e-01,-2.240275876408881928e+00,-2.685426924696280970e+00,-2.240275876408881928e+00,2.130868781381347166e+00,-1.960370422718193950e-02,-8.584397764381416218e-01
3.053333333333333144e+01,1.644609581917360783e+09,-2.077019643130517679e-01,-2.112076970748860028e+00,-2.456694148087382068e+00,-2.112076970748860028e+00,2.154624440731304880e+00,-3.378658902644200712e-02,-8.435477671391741206e-01
3.055000000000000071e+01,1.644609581933341265e+09,-2.067371980902411865e-01,-1.951828338673833096e+00,-2.346271428345154675e+00,-1.951828338673833096e+00,2.163640403110635546e+00,-4.769995165223014921e-02,-8.261042034394392441e-01
3.056666666666666643e+01,1.644609581951668262e+09,-2.057139761865198202e-01,-1.791579706598805055e+00,-2.433032136714047056e+00,-1.791579706598805055e+00,2.157598303196374800e+00,-6.130369844691142128e-02,-8.064001467014650926e-01
3.058333333333333215e+01,1.644609581969994783e+09,-2.046449169995102901e-01,-1.663380800938784265e+00,-1.746833806887349905e+00,-1.663380800938784265e+00,2.136322389743327221e+00,-7.456699757307308496e-02,-7.852544877618944374e-01
3.059999999999999787e+01,1.644609581990892172e+09,-2.035444292168292202e-01,-1.503132168863756002e+00,-1.525988367402894230e+00,-1.503132168863756002e+00,2.099782823655432118e+00,-8.746370294128430478e-02,-7.624136048138219213e-01
3.061666666666666714e+01,1.644609582003881931e+09,-2.024285820033152605e-01,-1.406982989618740243e+00,-1.731059132638460563e+00,-1.406982989618740243e+00,2.048097538939041673e+00,-9.997674034587887559e-02,-7.392153249205556387e-01
3.063333333333333286e+01,1.644609582021835327e+09,-2.013149579427673808e-01,-1.310833810373723152e+00,-1.486551681780671208e+00,-1.310833810373723152e+00,1.981532640193668593e+00,-1.121022577146621596e-01,-7.159114937214399177e-01
3.064999999999999858e+01,1.644609582038809299e+09,-2.002224899319745566e-01,-1.246734357543712202e+00,-8.161280262028632881e-01,-1.246734357543712202e+00,1.900501324797906122e+00,-1.238449352708927698e-01,-6.932727000443060783e-01
3.066666666666666785e+01,1.644609582054746151e+09,-1.991712833645380154e-01,-1.246734357543712202e+00,0.000000000000000000e+00,-1.246734357543712202e+00,1.805561332602217295e+00,-1.352265396397443475e-01,-6.725773127578127397e-01
3.068333333333333357e+01,1.644609582070617199e+09,-1.981824250707766577e-01,-1.214684631128707171e+00,0.000000000000000000e+00,-1.214684631128707171e+00,1.697410940606494556e+00,-1.462765904062748312e-01,-6.534818234999858477e-01
3.069999999999999929e+01,1.644609582085982561e+09,-1.972777805971726306e-01,-1.214684631128707171e+00,0.000000000000000000e+00,-1.214684631128707171e+00,1.576883534627759431e+00,-1.570276678024660755e-01,-6.366940977121438028e-01
3.071666666666666501e+01,1.644609582104959965e+09,-1.964797815131610892e-01,-1.182634904713701030e+00,0.000000000000000000e+00,-1.182634904713701030e+00,1.444940804212804242e+00,-1.675150657694785550e-01,-6.218349347534796179e-01
3.073333333333333428e+01,1.644609582121916771e+09,-1.958112045238051269e-01,-1.214684631128707171e+00,0.000000000000000000e+00,-1.214684631128707171e+00,1.302664620875572554e+00,-1.777809413571540265e-01,-6.101027260033563548e-01
3.075000000000000000e+01,1.644609582137870789e+09,-1.952949442433366267e-01,-1.214684631128707171e+00,0.000000000000000000e+00,-1.214684631128707171e+00,1.151247673006411620e+00,-1.878738143752464174e-01,-6.010671356206355176e-01
3.076666666666666572e+01,1.644609582155822515e+09,-1.949537815458522172e-01,-1.214684631128707171e+00,0.000000000000000000e+00,-1.214684631128707171e+00,9.919829433735546376e-01,-1.978393399444710321e-01,-5.948133048473300821e-01
3.078333333333333144e+01,1.644609582173785686e+09,-1.948101494553604873e-01,-1.182634904713701030e+00,-5.558459010961847024e-01,-1.182634904713701030e+00,8.262521268924466478e-01,-2.077199628818970634e-01,-5.908723948735916665e-01
3.080000000000000071e+01,1.644609582192736149e+09,-1.948858985672539956e-01,-1.214684631128707171e+00,-7.293673178339693530e-01,-1.214684631128707171e+00,6.555130971604118395e-01,-2.175634575910642132e-01,-5.903484257305627869e-01
3.081666666666666643e+01,1.644609582208693504e+09,-1.952020640070169510e-01,-1.214684631128707171e+00,-9.896494429406480497e-01,-1.214684631128707171e+00,4.812865400288123263e-01,-2.274223561110653991e-01,-5.927128287288931929e-01
3.083333333333333215e+01,1.644609582224604368e+09,-1.957786359293467171e-01,-1.182634904713701030e+00,-7.609166663317492585e-01,-1.182634904713701030e+00,3.051418811180439672e-01,-2.373402372391590631e-01,-5.974198313273938465e-01
3.084999999999999787e+01,1.644609582243761301e+09,-1.966343355418606331e-01,-1.214684631128707171e+00,-8.792267231984217668e-01,-1.214684631128707171e+00,1.286826415853960792e-01,-2.473647176394301594e-01,-6.054953840861779790e-01
3.086666666666666714e+01,1.644609582260668039e+09,-1.977863986024108733e-01,-1.214684631128707171e+00,-1.983453920620692923e+00,-1.214684631128707171e+00,-4.646863744819441921e-02,-2.575468671683600608e-01,-6.163324557001964576e-01
3.088333333333333286e+01,1.644609582276650190e+09,-1.992503682877545534e-01,-1.214684631128707171e+00,-2.101763977487365320e+00,-1.214684631128707171e+00,-2.186857566737182013e-01,-2.679319244502236796e-01,-6.298369048817066274e-01
3.089999999999999858e+01,1.644609582294748545e+09,-2.010398992645995864e-01,-1.214684631128707171e+00,-2.456694148087382068e+00,-1.214684631128707171e+00,-3.863543581205287625e-01,-2.785633491147468388e-01,-6.458894633713374578e-01
3.091666666666666785e+01,1.644609582310712814e+09,-2.031665747121203514e-01,-1.214684631128707171e+00,-2.488243496585160752e+00,-1.214684631128707171e+00,-5.478874121197268021e-01,-2.894824102593941961e-01,-6.643466029474973666e-01
3.093333333333333357e+01,1.644609582328648806e+09,-2.056397379486770705e-01,-1.182634904713701030e+00,-2.156975337358479017e+00,-1.182634904713701030e+00,-7.017405409991566145e-01,-3.007233646343744904e-01,-6.845119060010647072e-01
3.094999999999999929e+01,1.644609582344801188e+09,-2.084663402054031389e-01,-1.182634904713701030e+00,-2.235848708602926838e+00,-1.182634904713701030e+00,-8.464270298942333515e-01,-3.123176063219018084e-01,-7.067353632236695882e-01
3.096666666666666501e+01,1.644609582364171505e+09,-2.116508059663089469e-01,-1.214684631128707171e+00,-1.904580549376245324e+00,-1.214684631128707171e+00,-9.805323776183089146e-01,-3.243021188698854695e-01,-7.313378008214695969e-01
3.098333333333333428e+01,1.644609582379131556e+09,-2.151949171597442867e-01,-1.214684631128707171e+00,-1.675847772767346422e+00,-1.214684631128707171e+00,-1.102728244540331026e+00,-3.367101516976536701e-01,-7.575533159215186441e-01
3.100000000000000000e+01,1.644609582400638580e+09,-2.190977173402472722e-01,-1.214684631128707171e+00,-1.589087064398452931e+00,-1.214684631128707171e+00,-1.211785659836382312e+00,-3.495665519416801814e-01,-7.851380871935770278e-01
3.101666666666666572e+01,1.644609582418615103e+09,-2.233554368443826932e-01,-1.182634904713701030e+00,-2.156975337358479017e+00,-1.182634904713701030e+00,-1.306587357258039761e+00,-3.628875556847490635e-01,-8.133041211500371404e-01
3.103333333333333144e+01,1.644609582434596300e+09,-2.279614397401945602e-01,-1.214684631128707171e+00,-2.732750947442950107e+00,-1.214684631128707171e+00,-1.386139116630679791e+00,-3.766895174733311258e-01,-8.428492218241115941e-01
3.105000000000000071e+01,1.644609582449532986e+09,-2.329061932187441175e-01,-1.182634904713701030e+00,-3.253315197656307500e+00,-1.182634904713701030e+00,-1.449579997584590441e+00,-3.909841525843620325e-01,-8.724248350847189082e-01
3.106666666666666643e+01,1.644609582465961695e+09,-2.381772598991732104e-01,-1.214684631128707171e+00,-3.418949277269647258e+00,-1.214684631128707171e+00,-1.496191362440682404e+00,-4.057784942937847639e-01,-9.028117599347860178e-01
3.108333333333333215e+01,1.644609582482413054e+09,-2.437593133372356891e-01,-1.214684631128707171e+00,-2.622328227700722714e+00,-1.214684631128707171e+00,-1.525404596615759001e+00,-4.210791226399669407e-01,-9.331792853843449143e-01
3.109999999999999787e+01,1.644609582502241135e+09,-2.496341768427903784e-01,-1.214684631128707171e+00,-2.638102901949611834e+00,-1.214684631128707171e+00,-1.536807447278563110e+00,-4.368832569999640536e-01,-9.632333523311356061e-01
3.111666666666666714e+01,1.644609582518145084e+09,-2.557808855256260561e-01,-1.214684631128707171e+00,-2.575004204954053133e+00,-1.214684631128707171e+00,-1.530148914145666783e+00,-4.531832217130994933e-01,-9.926806133725730730e-01
3.113333333333333286e+01,1.644609582534666538e+09,-2.621757713029249093e-01,-1.182634904713701030e+00,-2.472468822336271632e+00,-1.182634904713701030e+00,-1.505342640138267907e+00,-4.699620538607226505e-01,-1.020701406972482683e+00
3.114999999999999858e+01,1.644609582552646399e+09,-2.687925704169167873e-01,-1.182634904713701030e+00,-2.582891542078499025e+00,-1.182634904713701030e+00,-1.462468763985745213e+00,-4.871981072278503411e-01,-1.047550414750345826e+00
3.116666666666666785e+01,1.644609582570600033e+09,-2.756025528294112625e-01,-1.214684631128707171e+00,-2.417257462465157491e+00,-1.214684631128707171e+00,-1.401774211623467270e+00,-5.048739792219384404e-01,-1.073482190135460534e+00
3.118333333333333357e+01,1.644609582587061882e+09,-2.825746726823767929e-01,-1.182634904713701030e+00,-2.590778879202944029e+00,-1.182634904713701030e+00,-1.323671418243893783e+00,-5.229632514416927558e-01,-1.097164689964999384e+00
3.119999999999999929e+01,1.644609582603394270e+09,-2.896757388420431734e-01,-1.182634904713701030e+00,-3.016695083922962262e+00,-1.182634904713701030e+00,-1.228735487979440766e+00,-5.414308483551876217e-01,-1.118886599596390141e+00
3.121666666666666501e+01,1.644609582621643543e+09,-2.968706043791929372e-01,-1.214684631128707171e+00,-3.387399928771868574e+00,-1.214684631128707171e+00,-1.117699813268369979e+00,-5.602465672762850790e-01,-1.138943954748577347e+00
3.123333333333333428e+01,1.644609582639958858e+09,-3.041223736822825652e-01,-1.214684631128707171e+00,-2.866835678558512068e+00,-1.214684631128707171e+00,-9.914501908434703026e-01,-5.793763674571731359e-01,-1.156583068267225567e+00
3.125000000000000000e+01,1.644609582655936956e+09,-3.113926257534097020e-01,-1.214684631128707171e+00,-1.959791909247359243e+00,-1.214684631128707171e+00,-8.510174858302246292e-01,-5.987783199049230287e-01,-1.171609484435457871e+00
3.126666666666666572e+01,1.644609582673051119e+09,-3.186416521015912884e-01,-1.182634904713701030e+00,-1.518101030278449670e+00,-1.182634904713701030e+00,-6.975689095165338305e-01,-6.184030160479133675e-01,-1.183321518529638183e+00
3.128333333333333144e+01,1.644609582690053940e+09,-3.258287075242036201e-01,-1.182634904713701030e+00,-1.265706242296217310e+00,-1.182634904713701030e+00,-5.323979898104208575e-01,-6.381984815973016367e-01,-1.192109934555651840e+00
3.130000000000000071e+01,1.644609582706118107e+09,-3.329122719567608191e-01,-1.150585178298696221e+00,-1.391903636287332935e+00,-1.150585178298696221e+00,-3.569133261139667557e-01,-6.581105421332009708e-01,-1.197322849093297004e+00
3.131666666666666643e+01,1.644609582722510099e+09,-3.398503214744758583e-01,-1.150585178298696221e+00,-1.423452984785112729e+00,-1.150585178298696221e+00,-1.726262321776790287e-01,-6.780833107423356321e-01,-1.199403603992101885e+00
3.133333333333333215e+01,1.644609582740844965e+09,-3.466006064470833481e-01,-1.150585178298696221e+00,-1.612749075771788165e+00,-1.150585178298696221e+00,1.886261865025418150e-02,-6.980640226692550465e-01,-1.198284934725989848e+00
3.134999999999999787e+01,1.644609582758632183e+09,-3.531209347815691957e-01,-1.150585178298696221e+00,-1.683735109891791204e+00,-1.150585178298696221e+00,2.158774216118374834e-01,-7.179990328366733232e-01,-1.193928387170019256e+00
3.136666666666666714e+01,1.644609582773015499e+09,-3.593694581368967467e-01,-1.150585178298696221e+00,-1.652185761394011188e+00,-1.150585178298696221e+00,4.166822094303642143e-01,-7.378343003491917296e-01,-1.186324835805306455e+00
3.138333333333333286e+01,1.644609582789963245e+09,-3.653049589602895830e-01,-1.150585178298696221e+00,-1.959791909247359243e+00,-1.150585178298696221e+00,6.194964218842243797e-01,-7.575158794117174965e-01,-1.175494736016355235e+00
3.139999999999999858e+01,1.644609582808893442e+09,-3.708871361770359476e-01,-1.150585178298696221e+00,-1.447114996158446631e+00,-1.150585178298696221e+00,8.225109300984322358e-01,-7.769904122047078809e-01,-1.161488107360036048e+00
3.141666666666666785e+01,1.644609582825866938e+09,-3.760768873648889232e-01,-1.150585178298696221e+00,-1.525988367402894230e+00,-1.150585178298696221e+00,1.023904365055293919e+00,-7.962056192275727140e-01,-1.144384247224561335e+00
3.143333333333333357e+01,1.644609582842799664e+09,-3.808365852602395019e-01,-1.150585178298696221e+00,-1.226269556673992733e+00,-1.150585178298696221e+00,1.221859596736070142e+00,-8.151107826331688289e-01,-1.124291176845009010e+00
3.144999999999999929e+01,1.644609582859755993e+09,-3.851303464760245099e-01,-1.150585178298696221e+00,-1.494439018905115768e+00,-1.150585178298696221e+00,1.414580208704770525e+00,-8.336572181302586149e-01,-1.101344824174484538e+00
3.146666666666666501e+01,1.644609582875845671e+09,-3.889242903609094193e-01,-1.150585178298696221e+00,-1.226269556673992733e+00,-1.150585178298696221e+00,1.600306812835277093e+00,-8.517987311266187467e-01,-1.075707950602514673e+00
3.148333333333333428e+01,1.644609582892341375e+09,-3.921867859948543478e-01,-1.150585178298696221e+00,-1.975566583496248363e+00,-1.150585178298696221e+00,1.777333050279219062e+00,-8.694920529223023609e-01,-1.047568830940488915e+00
3.150000000000000000e+01,1.644609582913262606e+09,-3.948886853977041644e-01,-1.150585178298696221e+00,-2.338384091220709671e+00,-1.150585178298696221e+00,1.944021127648179581e+00,-8.866972529391151658e-01,-1.017139698434518014e+00
3.151666666666666572e+01,1.644609582931233406e+09,-3.970035411240619982e-01,-1.118535451883690079e+00,-2.464581485211826628e+00,-1.118535451883690079e+00,2.098816741725272106e+00,-9.033736964628008570e-01,-9.841252334134725777e-01
3.153333333333333144e+01,1.644609582944665670e+09,-3.985078065286234428e-01,-1.086485725468685271e+00,-2.724863610318505103e+00,-1.086485725468685271e+00,2.240263251776340780e+00,-9.194804954904342020e-01,-9.487888089473783815e-01
3.155000000000000071e+01,1.644609582962668896e+09,-3.993810171109585250e-01,-1.054435999053679129e+00,-2.937821712678514885e+00,-1.054435999053679129e+00,2.367014965648214009e+00,-9.349813010607086472e-01,-9.114116872671950143e-01
3.156666666666666643e+01,1.644609582979622126e+09,-3.996059514858295025e-01,-1.054435999053679129e+00,-2.598666216327388589e+00,-1.054435999053679129e+00,2.477849414253197935e+00,-9.498490086403320598e-01,-8.728204227675796512e-01
3.158333333333333215e+01,1.644609582998550892e+09,-3.991687706741336994e-01,-1.086485725468685271e+00,-2.882610352807401188e+00,-1.086485725468685271e+00,2.571678498661468915e+00,-9.640703257272517090e-01,-8.338458927941136967e-01
3.159999999999999787e+01,1.644609583015265226e+09,-3.980591345688171412e-01,-1.086485725468685271e+00,-2.709088936069614650e+00,-1.086485725468685271e+00,2.647558404762088813e+00,-9.776369699256481915e-01,-7.942613706074939106e-01
3.161666666666666714e+01,1.644609583032196283e+09,-3.962702945987489067e-01,-1.054435999053679129e+00,-2.858948341434067064e+00,-1.054435999053679129e+00,2.704698192208093932e+00,-9.905370206213994777e-01,-7.538569500258357481e-01
3.163333333333333286e+01,1.644609583051119804e+09,-3.937991617899998520e-01,-1.054435999053679129e+00,-3.347963243149644441e+00,-1.054435999053679129e+00,2.742466977013391372e+00,-1.002764028342784997e+00,-7.134960926717883734e-01
3.164999999999999858e+01,1.644609583065457106e+09,-3.906463496071643782e-01,-1.054435999053679129e+00,-3.150779815038523779e+00,-1.054435999053679129e+00,2.760399640599561888e+00,-1.014321452901584042e+00,-6.735059407538913634e-01
3.166666666666666785e+01,1.644609583083381176e+09,-3.868161911455765822e-01,-1.086485725468685271e+00,-3.403174603020758138e+00,-1.086485725468685271e+00,2.758201012165073074e+00,-1.025222628788015733e+00,-6.347428434225199645e-01
3.168333333333333357e+01,1.644609583101335287e+09,-3.823167304373465969e-01,-1.054435999053679129e+00,-2.732750947442950107e+00,-1.054435999053679129e+00,2.735748485833691568e+00,-1.035481781460538597e+00,-5.964618159703302114e-01
3.169999999999999929e+01,1.644609583117198229e+09,-3.771596878283202114e-01,-1.054435999053679129e+00,-2.141200663109589897e+00,-1.054435999053679129e+00,2.693093048989943838e+00,-1.045114095993691761e+00,-5.595185506049058510e-01
3.171666666666666501e+01,1.644609583134894609e+09,-3.713603995781238898e-01,-9.903365462236681793e-01,-2.401482788216268371e+00,-9.903365462236681793e-01,2.630458713382045399e+00,-1.054135589696945319e+00,-5.231616874490125912e-01
3.173333333333333428e+01,1.644609583152903795e+09,-3.649377320296062766e-01,-8.941873669786521983e-01,-2.543454856456274449e+00,-8.941873669786521983e-01,2.548240355819016312e+00,-1.062554233176972396e+00,-4.871754941549794604e-01
3.175000000000000000e+01,1.644609583166867256e+09,-3.579139708859314650e-01,-8.300879141486412482e-01,-2.653877576198502286e+00,-8.300879141486412482e-01,2.446999990461548258e+00,-1.070383207121109903e+00,-4.523979856056268289e-01
3.176666666666666572e+01,1.644609583186977863e+09,-3.503146863217247997e-01,-6.377895556586082870e-01,-1.494439018905115768e+00,-6.377895556586082870e-01,2.327461509656222116e+00,-1.077627309778981246e+00,-4.169926837144620202e-01
3.178333333333333144e+01,1.644609583204079390e+09,-3.421685748376115943e-01,-5.095906499985862759e-01,-1.888805875127355760e+00,-5.095906499985862759e-01,2.190503944847039364e+00,-1.084287424020335289e+00,-3.823173478923005408e-01
3.180000000000000071e+01,1.644609583220357180e+09,-3.335072789437386609e-01,-4.134414707535703504e-01,-1.967679246371803581e+00,-4.134414707535703504e-01,2.037153313172921809e+00,-1.090382306065823759e+00,-3.491606018064896677e-01
3.181666666666666643e+01,1.644609583238309860e+09,-3.243651859261349468e-01,-3.172922915085532591e-01,-1.660073098518457524e+00,-3.172922915085532591e-01,1.868573128789610127e+00,-1.095939159509432992e+00,-3.177490677415295561e-01
3.183333333333333215e+01,1.644609583256289005e+09,-3.147792071086006338e-01,-2.852425650935483947e-01,-1.249931568047326635e+00,-2.852425650935483947e-01,1.686053670609965582e+00,-1.100997608916482795e+00,-2.893437665758728516e-01
3.184999999999999787e+01,1.644609583272246122e+09,-3.047885391713222591e-01,-2.211431122635373892e-01,-1.115846836931764896e+00,-2.211431122635373892e-01,1.491000109911534643e+00,-1.105604647438529708e+00,-2.635724447596925479e-01
3.186666666666666714e+01,1.644609583288090467e+09,-2.944344092238559418e-01,-1.890933858485313035e-01,-8.397900375761971903e-01,-1.890933858485313035e-01,1.284919612007134226e+00,-1.109809760695129821e+00,-2.411035610671156404e-01
3.188333333333333286e+01,1.644609583307040930e+09,-2.837598054540320103e-01,-1.570436594335263836e-01,-9.975367800650926098e-01,-1.570436594335263836e-01,1.069407535801424114e+00,-1.113668835881576280e+00,-2.220384212745376284e-01
3.189999999999999858e+01,1.644609583323155880e+09,-2.728091952844274859e-01,-6.089448018850930622e-02,-6.741559579628569887e-01,-6.089448018850930622e-02,8.461328634795873826e-01,-1.117230350661303273e+00,-2.053896001066260746e-01
3.191666666666666785e+01,1.644609583339134216e+09,-2.616282330634999154e-01,3.525469905650659153e-02,-1.005424117189538613e+00,3.525469905650659153e-02,6.168229997026247746e-01,-1.120535076851909562e+00,-1.912169122700342616e-01
3.193333333333333357e+01,1.644609583358312845e+09,-2.502634593985066935e-01,1.314038783015236689e-01,-7.057053064606354509e-01,1.314038783015236689e-01,3.832480854628559364e-01,-1.123624530428377399e+00,-1.795499259641601397e-01
3.194999999999999929e+01,1.644609583375265598e+09,-2.387619943016230373e-01,1.314038783015236689e-01,0.000000000000000000e+00,1.314038783015236689e-01,1.472049761088116970e-01,-1.126553748075093342e+00,-1.719772274106052268e-01
3.196666666666666501e+01,1.644609583392487764e+09,-2.271712263680990551e-01,1.314038783015236689e-01,0.000000000000000000e+00,1.314038783015236689e-01,-8.949896403909063380e-02,-1.129390493690474617e+00,-1.684420665575168397e-01
3.198333333333333428e+01,1.644609583408492804e+09,-2.155385002362485425e-01,1.634536047165285888e-01,0.000000000000000000e+00,1.634536047165285888e-01,-3.250620966346225993e-01,-1.132196917609694209e+00,-1.683291175035987464e-01
3.200000000000000000e+01,1.644609583428683043e+09,-2.039108045926498747e-01,1.955033311315334810e-01,-7.135926435850801219e-01,1.955033311315334810e-01,-5.577046200323287906e-01,-1.135029180622470824e+00,-1.715335426391686735e-01
3.201666666666666572e+01,1.644609583443667650e+09,-1.923344629823416918e-01,2.275530575465407879e-01,-7.924660148295278317e-01,2.275530575465407879e-01,-7.856844035675198956e-01,-1.137941470081294648e+00,-1.779234422806945937e-01
3.203333333333333144e+01,1.644609583460627079e+09,-1.808548296632523367e-01,2.596027839615456800e-01,-1.021198791438427955e+00,2.596027839615456800e-01,-1.007312396194091964e+00,-1.140985559936073424e+00,-1.873411792964581601e-01
3.204999999999999716e+01,1.644609583480734587e+09,-1.695159927061387906e-01,2.916525103765505444e-01,-1.313030265042885114e+00,2.916525103765505444e-01,-1.220967464753129450e+00,-1.144210394712385392e+00,-1.996049270930892461e-01
3.206666666666666288e+01,1.644609583493766546e+09,-1.583604864869442574e-01,2.916525103765505444e-01,-1.596974401522898823e+00,2.916525103765505444e-01,-1.425110523017231401e+00,-1.147666127751411747e+00,-2.150401609314074869e-01
3.208333333333333570e+01,1.644609583510807753e+09,-1.474290156476360247e-01,3.237022367915554644e-01,-1.565425053025118807e+00,3.237022367915554644e-01,-1.618297819857202224e+00,-1.151399239167174127e+00,-2.328836425667392407e-01
3.210000000000000142e+01,1.644609583527785301e+09,-1.367601925150218611e-01,3.557519632065603843e-01,-1.817819841007352943e+00,3.557519632065603843e-01,-1.799193263353008332e+00,-1.155447836037651443e+00,-2.528924006987027240e-01
3.211666666666666714e+01,1.644609583545751572e+09,-1.263902898652804474e-01,3.878016896215676357e-01,-1.336692276416220349e+00,3.878016896215676357e-01,-1.966579667319662050e+00,-1.159845841360103602e+00,-2.748073616712187195e-01
3.213333333333333286e+01,1.644609583562242985e+09,-1.163530108061154450e-01,4.519011424515774755e-01,-1.510213693154005110e+00,4.519011424515774755e-01,-2.119368817459194698e+00,-1.164618318991999413e+00,-2.978260119561166319e-01
3.214999999999999858e+01,1.644609583581172705e+09,-1.066792774188597137e-01,5.160005952815897023e-01,-1.336692276416220349e+00,5.160005952815897023e-01,-2.256610266061834125e+00,-1.169781363856798873e+00,-3.216731282709878181e-01
3.216666666666666430e+01,1.644609583597131252e+09,-9.739703966116194933e-02,5.480503216965945112e-01,-1.344579613540664909e+00,5.480503216965945112e-01,-2.377498776760130106e+00,-1.175350837341788468e+00,-3.465944623703905991e-01
3.218333333333333002e+01,1.644609583615608692e+09,-8.853110587773359297e-02,5.801000481115994312e-01,-1.581199727274008149e+00,5.801000481115994312e-01,-2.481380354152934231e+00,-1.181342145699099566e+00,-3.722911591137683662e-01
3.220000000000000284e+01,1.644609583633553982e+09,-8.010299610335511189e-02,6.121497745266043511e-01,-1.786270492509572927e+00,6.121497745266043511e-01,-2.567756807040249889e+00,-1.187765686729458814e+00,-3.984610686253033385e-01
3.221666666666666856e+01,1.644609583648804903e+09,-7.213081917034737389e-02,7.082989537716214423e-01,-1.391903636287332935e+00,7.082989537716214423e-01,-2.636288808397692307e+00,-1.194617963818993767e+00,-4.237419557795362168e-01
3.223333333333333428e+01,1.644609583666531801e+09,-6.462917445291885277e-02,7.723984066016336136e-01,-9.659874315673141476e-01,7.723984066016336136e-01,-2.686797429940046555e+00,-1.201886220046618936e+00,-4.483803499408846593e-01
3.225000000000000000e+01,1.644609583684483528e+09,-5.760907889525595377e-02,8.364978594316434535e-01,-6.978179693361910019e-01,8.364978594316434535e-01,-2.719264144020805851e+00,-1.209557343979977828e+00,-4.720886640840117332e-01
3.226666666666666572e+01,1.644609583701598167e+09,-5.107791977960265267e-02,8.364978594316434535e-01,-6.347192723406324122e-01,8.364978594316434535e-01,-2.733829300551038788e+00,-1.217622343624897185e+00,-4.956458551244155575e-01
3.228333333333333144e+01,1.644609583719655514e+09,-4.503943349701651500e-02,8.685475858466483734e-01,-6.583812837139663143e-01,8.685475858466483734e-01,-2.730789101445978417e+00,-1.226071862751487496e+00,-5.182336945911474313e-01
3.229999999999999716e+01,1.644609583735905409e+09,-3.949371038807343581e-02,9.005973122616556248e-01,-9.738747686917587076e-01,9.005973122616556248e-01,-2.710591109674220789e+00,-1.234887509544626116e+00,-5.395846110882183133e-01
3.231666666666666288e+01,1.644609583752860785e+09,-3.443722552520434715e-02,9.326470386766605447e-01,0.000000000000000000e+00,9.326470386766605447e-01,-2.673828344154478120e+00,-1.244046551531087674e+00,-5.594452575263870742e-01
3.233333333333333570e+01,1.644609583772214890e+09,-2.986289511410090275e-02,9.646967650916654646e-01,0.000000000000000000e+00,9.646967650916654646e-01,-2.621232025374601982e+00,-1.253522169775124429e+00,-5.775785602870658897e-01
3.235000000000000142e+01,1.644609583788124800e+09,-2.576015800007532691e-02,9.967464915066702735e-01,-6.899306322117463308e-01,9.967464915066702735e-01,-2.553663049567487242e+00,-1.263283745766156096e+00,-5.937655935970478360e-01
3.236666666666666714e+01,1.644609583806103706e+09,-2.211508157817317771e-02,1.060845944336682445e+00,-1.013311454313983173e+00,1.060845944336682445e+00,-2.472102281441125982e+00,-1.273292751222171226e+00,-6.072775270927734947e-01
3.238333333333333286e+01,1.644609583821038008e+09,-1.891049122423768547e-02,1.189044849996704567e+00,-9.344380830695340201e-01,1.189044849996704567e+00,-2.377639766705014424e+00,-1.283494335188298363e+00,-6.168858584051181149e-01
3.239999999999999858e+01,1.644609583841008902e+09,-1.612612218992617169e-02,1.349293482071731276e+00,-8.240153633273078482e-01,1.349293482071731276e+00,-2.271462975856985089e+00,-1.293817932089763367e+00,-6.219317530667406446e-01
3.241666666666666430e+01,1.644609583857444286e+09,-1.373879273863501393e-02,1.413392934901741116e+00,-8.003533519539725027e-01,1.413392934901741116e+00,-2.154844199792015580e+00,-1.304199969402152215e+00,-6.239072368358563603e-01
3.243333333333333002e+01,1.644609583873458624e+09,-1.172259714327508751e-02,1.477492387731753398e+00,-1.021198791438427955e+00,1.477492387731753398e+00,-2.029127225677061830e+00,-1.314588441049619805e+00,-6.227126791541438555e-01
3.245000000000000284e+01,1.644609583891573906e+09,-1.004911702154406491e-02,1.541591840561763238e+00,-1.005424117189538613e+00,1.541591840561763238e+00,-1.895713428136131196e+00,-1.324929887766600700e+00,-6.182732588967357890e-01
3.246666666666666856e+01,1.644609583904484749e+09,-8.687649351177571810e-03,1.573641566976770489e+00,-9.581000944428694766e-01,1.573641566976770489e+00,-1.756047416035054320e+00,-1.335174239857414236e+00,-6.110690042902271468e-01
3.248333333333333428e+01,1.644609583923737764e+09,-7.605449387539977776e-03,1.637741019806780329e+00,-7.845786777050833827e-01,1.637741019806780329e+00,-1.611602379002265550e+00,-1.345270711824362531e+00,-6.005368883098701760e-01
3.250000000000000000e+01,1.644609583940691471e+09,-6.767986599751330337e-03,1.701840472636792390e+00,-1.005424117189538613e+00,1.701840472636792390e+00,-1.463865280234133426e+00,-1.355163844255878880e+00,-5.866775026716427588e-01
3.251666666666666572e+01,1.644609583957651615e+09,-6.139211650168411617e-03,1.733890199051797421e+00,-1.360354287789554251e+00,1.733890199051797421e+00,-1.314322043088019143e+00,-1.364802819481281349e+00,-5.700457248468440152e-01
3.253333333333333144e+01,1.644609583972447634e+09,-5.681832366017621969e-03,1.797989651881807038e+00,-1.100072162682875776e+00,1.797989651881807038e+00,-1.164442878456100949e+00,-1.374137340765642756e+00,-5.501520906720542836e-01
3.254999999999999716e+01,1.644609583991431713e+09,-5.357596592133522830e-03,1.830039378296814512e+00,-9.817621058162033787e-01,1.830039378296814512e+00,-1.015667897949977583e+00,-1.383118073600356546e+00,-5.275984998315598196e-01
3.256666666666666288e+01,1.644609584009415388e+09,-5.127579770210872676e-03,1.894138831126824352e+00,-7.214799807095249040e-01,1.894138831126824352e+00,-8.693931545254758309e-01,-1.391696971378658665e+00,-5.019405074432352620e-01
3.258333333333333570e+01,1.644609584027366638e+09,-4.952475063231664282e-03,1.958238283956836412e+00,-7.057053064606354509e-01,1.958238283956836412e+00,-7.269572473813676883e-01,-1.399823253078225083e+00,-4.732928751340776952e-01
3.260000000000000142e+01,1.644609584044349194e+09,-4.792883833945760924e-03,1.990288010371841443e+00,-8.082406890784186171e-01,1.990288010371841443e+00,-5.896286218211002073e-01,-1.407452636442084737e+00,-4.423191686277057055e-01
3.261666666666666714e+01,1.644609584060332298e+09,-4.609604293454482721e-03,1.990288010371841443e+00,-1.407678310536223387e+00,1.990288010371841443e+00,-4.585936873379843348e-01,-1.414551970857435670e+00,-4.096915954951237948e-01
3.263333333333333286e+01,1.644609584080271244e+09,-4.363916159969252057e-03,2.022337736786846030e+00,-1.462889670407337528e+00,2.022337736786846030e+00,-3.349458685464072882e-01,-1.421090513901292374e+00,-3.750298546472597971e-01
3.264999999999999858e+01,1.644609584095479727e+09,-4.017859208536946752e-03,2.022337736786846030e+00,-1.021198791438427955e+00,2.022337736786846030e+00,-2.196756938262920400e-01,-1.427040227587243582e+00,-3.390357735786326820e-01
3.266666666666666430e+01,1.644609584112450123e+09,-3.534503649521847368e-03,2.022337736786846030e+00,-9.975367800650926098e-01,2.022337736786846030e+00,-1.136620157656833552e-01,-1.432380368780376667e+00,-3.018843703684801483e-01
3.268333333333333002e+01,1.644609584127638578e+09,-2.878210346510777506e-03,2.054387463201851283e+00,-1.525988367402894230e+00,2.054387463201851283e+00,-1.766444579707071583e-02,-1.437088765333887741e+00,-2.632305901915560908e-01
3.270000000000000284e+01,1.644609584145593643e+09,-2.014878972302881766e-03,2.086437189616858312e+00,-1.738946469762905123e+00,2.086437189616858312e+00,6.768292706420897531e-02,-1.441142056151258677e+00,-2.232752974295006410e-01
3.271666666666666856e+01,1.644609584162261486e+09,-9.121823042729376718e-04,2.054387463201851283e+00,-1.896693212251800542e+00,2.054387463201851283e+00,1.418764766273470368e-01,-1.444529123141686577e+00,-1.832838314419195369e-01
3.273333333333333428e+01,1.644609584178553581e+09,4.602150234812446561e-04,2.054387463201851283e+00,-1.407678310536223387e+00,2.054387463201851283e+00,2.045465960179086995e-01,-1.447246533312064098e+00,-1.429175202845461290e-01
3.275000000000000000e+01,1.644609584193487644e+09,2.130454864737396647e-03,2.086437189616858312e+00,-1.904580549376245324e+00,2.086437189616858312e+00,2.554598412870439095e-01,-1.449285288157812213e+00,-1.018471482570663667e-01
3.276666666666666572e+01,1.644609584213484526e+09,4.124302415540966049e-03,2.086437189616858312e+00,-2.235848708602926838e+00,2.086437189616858312e+00,2.945196475188687213e-01,-1.450639814503453140e+00,-6.081000795916326196e-02
3.278333333333333144e+01,1.644609584228394985e+09,6.464982840165410527e-03,2.086437189616858312e+00,-2.527680182207385329e+00,2.086437189616858312e+00,3.217656172833327499e-01,-1.451312293354151128e+00,-2.000081566012867212e-02
3.279999999999999716e+01,1.644609584248366833e+09,9.173038770005803588e-03,2.086437189616858312e+00,-2.401482788216268371e+00,2.086437189616858312e+00,3.373713957167485678e-01,-1.451308100107964183e+00,2.039180084924450270e-02
3.281666666666666288e+01,1.644609584263496161e+09,1.226620960817552397e-02,2.086437189616858312e+00,-2.393595451091823811e+00,2.086437189616858312e+00,3.416411607719556098e-01,-1.450635685892888160e+00,6.018735914064869685e-02
3.283333333333333570e+01,1.644609584279797316e+09,1.575933339733574107e-02,2.086437189616858312e+00,-2.275285394225151414e+00,2.086437189616858312e+00,3.350047711261732175e-01,-1.449306425576772694e+00,9.921546483691706664e-02
3.285000000000000142e+01,1.644609584296739340e+09,1.966427182777188976e-02,2.086437189616858312e+00,-2.172750011607368581e+00,2.086437189616858312e+00,3.180116277230441435e-01,-1.447334434515264556e+00,1.373176207310740637e-01
3.286666666666666714e+01,1.644609584313683510e+09,2.398985877823150287e-02,2.086437189616858312e+00,-1.873031200878466862e+00,2.086437189616858312e+00,2.913233178232573772e-01,-1.444736356413651279e+00,1.743488844201293575e-01
3.288333333333333286e+01,1.644609584330639124e+09,2.874187259527604538e-02,2.086437189616858312e+00,-2.046552617616251624e+00,2.086437189616858312e+00,2.557051226220524720e-01,-1.441531124963399080e+00,2.101793581738589101e-01
3.289999999999999858e+01,1.644609584347045660e+09,3.392303212912870652e-02,2.086437189616858312e+00,-1.794157829634018819e+00,2.086437189616858312e+00,2.120164808315665450e-01,-1.437739702170501399e+00,2.446954965551015881e-01
3.291666666666666430e+01,1.644609584366994619e+09,3.953301635673663050e-02,2.086437189616858312e+00,-1.628523750020677507e+00,2.086437189616858312e+00,1.612005110160923960e-01,-1.433384796517945370e+00,2.778012192464280328e-01
3.293333333333333002e+01,1.644609584380306721e+09,4.556850723775393575e-02,2.054387463201851283e+00,-2.227961371478482278e+00,2.054387463201851283e+00,1.042727048052399241e-01,-1.428494991020674343e+00,3.088890832159418287e-01
3.295000000000000284e+01,1.644609584398256302e+09,5.202325526732753946e-02,2.086437189616858312e+00,-2.330496754096265111e+00,2.086437189616858312e+00,4.230891129628810976e-02,-1.423095480074401342e+00,3.389686739515546665e-01
3.296666666666666856e+01,1.644609584414783001e+09,5.888816701299955797e-02,2.086437189616858312e+00,-1.904580549376245324e+00,2.086437189616858312e+00,-2.356726008338236311e-02,-1.417207896073610751e+00,3.674622554429886612e-01
3.298333333333333428e+01,1.644609584431293488e+09,6.615141375257664602e-02,2.086437189616858312e+00,-1.944017234998469901e+00,2.086437189616858312e+00,-9.219748531824326077e-02,-1.410858833836609927e+00,3.943505216109647327e-01
3.300000000000000000e+01,1.644609584451535225e+09,7.379856016708456756e-02,2.086437189616858312e+00,-2.559229530705164013e+00,2.086437189616858312e+00,-1.624020829068071881e-01,-1.404075044344931467e+00,4.196339838977870551e-01
3.301666666666666572e+01,1.644609584464523792e+09,8.181271188911704018e-02,2.086437189616858312e+00,-2.519792845082940769e+00,2.086437189616858312e+00,-2.329935421626793679e-01,-1.396883106107141614e+00,4.433327731175668029e-01
3.303333333333333144e+01,1.644609584483474255e+09,9.017468056327662684e-02,2.086437189616858312e+00,-2.882610352807401188e+00,2.086437189616858312e+00,-3.027900810577628388e-01,-1.389309101670392677e+00,4.654862204901362155e-01
3.304999999999999716e+01,1.644609584501802206e+09,9.886316494296575053e-02,2.086437189616858312e+00,-3.198103837785193360e+00,2.086437189616858312e+00,-3.706290918969420423e-01,-1.381378302913999434e+00,4.861522233624083200e-01
3.306666666666666288e+01,1.644609584519777060e+09,1.078549464276070124e-01,2.086437189616858312e+00,-2.843173667185177500e+00,2.086437189616858312e+00,-4.353803344874954684e-01,-1.373114868648965814e+00,5.054064033495306862e-01
3.308333333333333570e+01,1.644609584534045458e+09,1.171250973376065374e-01,2.086437189616858312e+00,-2.858948341434067064e+00,2.086437189616858312e+00,-4.959587392678717621e-01,-1.364541557900589064e+00,5.233410667736370092e-01
3.310000000000000142e+01,1.644609584552320719e+09,1.266472001312851647e-01,2.086437189616858312e+00,-2.598666216327388589e+00,2.086437189616858312e+00,-5.513366870513536355e-01,-1.355679462069584673e+00,5.400639793187244075e-01
3.311666666666666714e+01,1.644609584567575455e+09,1.363935756900924723e-01,2.086437189616858312e+00,-2.677539587571836410e+00,2.086437189616858312e+00,-6.005556375765548349e-01,-1.346547758952525875e+00,5.556969687356706489e-01
3.313333333333333286e+01,1.644609584585527182e+09,1.463355187354439813e-01,2.086437189616858312e+00,-2.811624318687397484e+00,2.086437189616858312e+00,-6.427369858924389945e-01,-1.337163491357026723e+00,5.703743712022451007e-01
3.314999999999999858e+01,1.644609584603500605e+09,1.564435383935684765e-01,2.086437189616858312e+00,-2.898385027056289864e+00,2.086437189616858312e+00,-6.770920336570072084e-01,-1.327541372773576311e+00,5.842413385514588775e-01
3.316666666666666430e+01,1.644609584620435238e+09,1.666876018939663917e-01,2.086437189616858312e+00,-2.945709049802959445e+00,2.086437189616858312e+00,-7.029309716253178131e-01,-1.317693622267093634e+00,5.974520250115018527e-01
3.318333333333333002e+01,1.644609584637388229e+09,1.770373793724349387e-01,2.086437189616858312e+00,-2.772187633065173351e+00,2.086437189616858312e+00,-7.196707798474017981e-01,-1.307629830430213413e+00,6.101676733374459261e-01
3.320000000000000284e+01,1.644609584654341698e+09,1.874624877516883614e-01,2.086437189616858312e+00,-2.622328227700722714e+00,2.086437189616858312e+00,-7.268419632847159528e-01,-1.297356857900360261e+00,6.225546212464617701e-01
3.321666666666666856e+01,1.644609584673314333e+09,1.979327316907754930e-01,2.086437189616858312e+00,-1.360354287789554251e+00,2.086437189616858312e+00,-7.240940525747174839e-01,-1.286878767587317673e+00,6.347822498841215744e-01
3.323333333333333428e+01,1.644609584691243649e+09,2.084183396291432733e-01,2.086437189616858312e+00,-1.999228594869583819e+00,2.086437189616858312e+00,-7.111998124053603432e-01,-1.276196791390930008e+00,6.470208966412589469e-01
3.325000000000000000e+01,1.644609584707223654e+09,2.188901930014557629e-01,2.086437189616858312e+00,-1.738946469762905123e+00,2.086437189616858312e+00,-6.880581132740273276e-01,-1.265309331813555982e+00,6.594397550029320598e-01
3.326666666666666572e+01,1.644609584725153685e+09,2.293200467652448671e-01,2.086437189616858312e+00,-2.078101966114031640e+00,2.086437189616858312e+00,-6.546954361689913959e-01,-1.254211998492792191e+00,6.722047842396325912e-01
3.328333333333333144e+01,1.644609584742109060e+09,2.396807394641929101e-01,2.118486916031863121e+00,-2.417257462465157491e+00,2.118486916031863121e+00,-6.112659937825248857e-01,-1.242893252576500851e+00,6.860063870274968334e-01
3.329999999999999716e+01,1.644609584760635138e+09,2.499463911447253606e-01,2.118486916031863121e+00,-2.559229530705164013e+00,2.118486916031863121e+00,-5.580504661049328075e-01,-1.231339036076106064e+00,7.004594446925509477e-01
3.331666666666666288e+01,1.644609584776592970e+09,2.600925875521262198e-01,2.118486916031863121e+00,-2.961483724051848565e+00,2.118486916031863121e+00,-4.954533625132307995e-01,-1.219537285601647980e+00,7.157082534434033860e-01
3.333333333333333570e+01,1.644609584792599201e+09,2.700965491531589491e-01,2.150536642446868374e+00,-3.261202534780752060e+00,2.150536642446868374e+00,-4.239990366131332067e-01,-1.207469198456397663e+00,7.324157930620487367e-01
3.335000000000000142e+01,1.644609584809529305e+09,2.799372836646199514e-01,2.182586368861873183e+00,-3.182329163536303795e+00,2.182586368861873183e+00,-3.443263939777080340e-01,-1.195109528821852507e+00,7.506937896755729867e-01
3.336666666666666714e+01,1.644609584826544762e+09,2.895957209102800189e-01,2.182586368861873183e+00,-2.795849644438508808e+00,2.182586368861873183e+00,-2.571823464068715426e-01,-1.182435714097094914e+00,7.701100419917320528e-01
3.338333333333333286e+01,1.644609584842480183e+09,2.990548289804786930e-01,2.182586368861873183e+00,-2.787962307314063803e+00,2.182586368861873183e+00,-1.634140792780441886e-01,-1.169428025629682510e+00,7.907552250173834896e-01
3.339999999999999858e+01,1.644609584857831717e+09,3.082997108291452570e-01,2.214636095276880212e+00,-2.283172731349596418e+00,2.214636095276880212e+00,-6.396021083482361647e-02,-1.156060938959351914e+00,8.132327364210870657e-01
3.341666666666666430e+01,1.644609584877721310e+09,3.173176806095556191e-01,2.214636095276880212e+00,-2.661764913322946846e+00,2.214636095276880212e+00,4.015906625410736730e-02,-1.142307950697546204e+00,8.370596675181311008e-01
3.343333333333333002e+01,1.644609584895282269e+09,3.260983192225569427e-01,2.246685821691885465e+00,-3.079793780918520962e+00,2.246685821691885465e+00,1.478527601565051697e-01,-1.128141836474126247e+00,8.628025296588510695e-01
3.345000000000000284e+01,1.644609584910584927e+09,3.346335087270059239e-01,2.278735548106890274e+00,-3.119230466540745983e+00,2.278735548106890274e+00,2.579706614859054170e-01,-1.113530593901643106e+00,8.904697239129145681e-01
3.346666666666666856e+01,1.644609584924998760e+09,3.429174454408472350e-01,2.342835000936902556e+00,-2.858948341434067064e+00,2.342835000936902556e+00,3.693156123352391296e-01,-1.098437820363023176e+00,9.205794605954971122e-01
3.348333333333333428e+01,1.644609584944333315e+09,3.509466317410734337e-01,2.342835000936902556e+00,-2.464581485211826628e+00,2.342835000936902556e+00,4.806563365580088787e-01,-1.082831998215162628e+00,9.520318274058851005e-01
3.350000000000000000e+01,1.644609584961733103e+09,3.587198467499095877e-01,2.406934453766912174e+00,-2.070214628989586636e+00,2.406934453766912174e+00,5.907406991365893312e-01,-1.066682255814896285e+00,9.858433375540105459e-01
3.351666666666666572e+01,1.644609584979207754e+09,3.662380962722541211e-01,2.438984180181916983e+00,-1.944017234998469901e+00,2.438984180181916983e+00,6.983092578277465545e-01,-1.049954374160942949e+00,1.021403679866884850e+00
3.353333333333333144e+01,1.644609584996165514e+09,3.735045425233912697e-01,2.471033906596921792e+00,-1.723171795514014670e+00,2.471033906596921792e+00,8.021089670051938514e-01,-1.032619968155503276e+00,1.058621655088147095e+00
3.354999999999999716e+01,1.644609585011477470e+09,3.805244143555406300e-01,2.471033906596921792e+00,-1.423452984785112729e+00,2.471033906596921792e+00,9.009068917629576845e-01,-1.014656757109685836e+00,1.096857457348327625e+00
3.356666666666666288e+01,1.644609585029213190e+09,3.873048988551623939e-01,2.471033906596921792e+00,-1.391903636287332935e+00,2.471033906596921792e+00,9.935037899216483392e-01,-9.960487743111753334e-01,1.135991769491793146e+00
3.358333333333333570e+01,1.644609585045547485e+09,3.938550153388183928e-01,2.503083633011929265e+00,-1.462889670407337528e+00,2.503083633011929265e+00,1.078747420597331974e+00,-9.767777576106531079e-01,1.176417937018092053e+00
3.360000000000000142e+01,1.644609585062503815e+09,4.001854729228050966e-01,2.503083633011929265e+00,-1.723171795514014670e+00,2.503083633011929265e+00,1.155545440443395133e+00,-9.568279477529683108e-01,1.217445278384662766e+00
3.361666666666666714e+01,1.644609585081896544e+09,4.063085129791425554e-01,2.535133359426934074e+00,-1.352466950665109691e+00,2.535133359426934074e+00,1.222877752530760809e+00,-9.361862888926216764e-01,1.259437138056944461e+00
3.363333333333333286e+01,1.644609585098805189e+09,4.122377379169260836e-01,2.535133359426934074e+00,-1.249931568047326635e+00,2.535133359426934074e+00,1.279808178061488722e+00,-9.148427023822334192e-01,1.301675910504696443e+00
3.364999999999999858e+01,1.644609585113183022e+09,4.179879278425667755e-01,2.567183085841938883e+00,-1.044860802811761857e+00,2.567183085841938883e+00,1.325495327657412403e+00,-8.927902333152726300e-01,1.344501414996058131e+00
3.366666666666666430e+01,1.644609585133105278e+09,4.235748467539304785e-01,2.535133359426934074e+00,-1.336692276416220349e+00,2.535133359426934074e+00,1.359202556770081838e+00,-8.700296919850718513e-01,1.386646472269140951e+00
3.368333333333333002e+01,1.644609585145536184e+09,4.290150400111790718e-01,2.535133359426934074e+00,-1.928242560749580559e+00,2.535133359426934074e+00,1.380306898740956800e+00,-8.465696391877493010e-01,1.428443757107949796e+00
3.370000000000000284e+01,1.644609585165543795e+09,4.343256249004139868e-01,2.567183085841938883e+00,-2.180637348731813141e+00,2.567183085841938883e+00,1.388306879113816228e+00,-8.224132063527989089e-01,1.470212157022261934e+00
3.371666666666666856e+01,1.644609585182496309e+09,4.395240761645061167e-01,2.567183085841938883e+00,-2.117538651736254440e+00,2.567183085841938883e+00,1.382829125866781306e+00,-7.975671591815257644e-01,1.511199646712800826e+00
3.373333333333333428e+01,1.644609585198866367e+09,4.446280084181851722e-01,2.535133359426934074e+00,-1.944017234998469901e+00,2.535133359426934074e+00,1.363633702177053264e+00,-7.720507264003069192e-01,1.550662664958315062e+00
3.375000000000000000e+01,1.644609585216228485e+09,4.496549573913278253e-01,2.535133359426934074e+00,-2.227961371478482278e+00,2.535133359426934074e+00,1.330618101041836976e+00,-7.458865874314031252e-01,1.588927716997224238e+00
3.376666666666666572e+01,1.644609585232633352e+09,4.546221619551038540e-01,2.535133359426934074e+00,-1.991341257745139037e+00,2.535133359426934074e+00,1.283819854425405582e+00,-7.190964465804385863e-01,1.625786796377131971e+00
3.378333333333333144e+01,1.644609585249981165e+09,4.595463488802187246e-01,2.535133359426934074e+00,-2.117538651736254440e+00,2.535133359426934074e+00,1.223417723454008676e+00,-6.917054215067132139e-01,1.661038289351422392e+00
3.379999999999999716e+01,1.644609585266403913e+09,4.644435222548898290e-01,2.535133359426934074e+00,-2.133313325985145337e+00,2.535133359426934074e+00,1.149731450399691601e+00,-6.637419180886836578e-01,1.694489199430503357e+00
3.381666666666666288e+01,1.644609585282694817e+09,4.693287594525397677e-01,2.535133359426934074e+00,-1.644298424269566627e+00,2.535133359426934074e+00,1.063220067636987176e+00,-6.352374687544144471e-01,1.725957307213966230e+00
3.383333333333333570e+01,1.644609585301018715e+09,4.742160154860393106e-01,2.535133359426934074e+00,-1.857256526629577520e+00,2.535133359426934074e+00,9.644787732834469995e-01,-6.062265355446814219e-01,1.755273242882739559e+00
3.385000000000000142e+01,1.644609585317004442e+09,4.791179375167032295e-01,2.535133359426934074e+00,-1.928242560749580559e+00,2.535133359426934074e+00,8.542343976967090580e-01,-5.767462795469626702e-01,1.782282449503748145e+00
3.386666666666666714e+01,1.644609585333302498e+09,4.840456912031065317e-01,2.535133359426934074e+00,-2.156975337358479017e+00,2.535133359426934074e+00,7.333394992559387759e-01,-5.468362986943514636e-01,1.806847016295851427e+00
3.388333333333333286e+01,1.644609585353245258e+09,4.890088004774069685e-01,2.535133359426934074e+00,-2.188524685856259033e+00,2.535133359426934074e+00,6.027651417592012617e-01,-5.165383362608378937e-01,1.828847362215440198e+00
3.389999999999999858e+01,1.644609585368249416e+09,4.940150022264296892e-01,2.535133359426934074e+00,-1.218382219549547951e+00,2.535133359426934074e+00,4.635924191854989829e-01,-4.858959626999721504e-01,1.848183751631448324e+00
3.391666666666666430e+01,1.644609585384991169e+09,4.990701172318104395e-01,2.503083633011929265e+00,-1.249931568047326635e+00,2.503083633011929265e+00,3.170028063590742962e-01,-4.549586604885993424e-01,1.864247890076258907e+00
3.393333333333333002e+01,1.644609585401902914e+09,5.041779385892113385e-01,2.374884727351907365e+00,-1.131621511180654238e+00,2.374884727351907365e+00,1.642674260954597454e-01,-4.237946442070470998e-01,1.875403076352162746e+00
3.395000000000000284e+01,1.644609585420838118e+09,5.093401386820641807e-01,2.118486916031863121e+00,-1.415565647660668169e+00,2.118486916031863121e+00,6.735334572281814758e-03,-3.925034211188441202e-01,1.879532224107362204e+00
3.396666666666666856e+01,1.644609585438790798e+09,5.145561956315058971e-01,1.797989651881807038e+00,-1.589087064398452931e+00,1.797989651881807038e+00,-1.541790631498950459e-01,-3.612104420402844629e-01,1.875636088174334359e+00
3.398333333333333428e+01,1.644609585453784227e+09,5.198233399826417411e-01,1.573641566976770489e+00,-1.691622447016235764e+00,1.573641566976770489e+00,-3.170093464408455519e-01,-3.300353376937755212e-01,1.865404854170090942e+00
3.400000000000000000e+01,1.644609585473082066e+09,5.251365222189247062e-01,1.253144302826714185e+00,-1.541763041651785127e+00,1.253144302826714185e+00,-4.802510323228325051e-01,-2.990961550360084487e-01,1.847347226020721989e+00
3.401666666666666572e+01,1.644609585489694118e+09,5.304884015230951766e-01,9.646967650916654646e-01,-1.825707178131797503e+00,9.646967650916654646e-01,-6.423760130251099376e-01,-2.685176720198566014e-01,1.822140755539012780e+00
3.403333333333333144e+01,1.644609585505684614e+09,5.358693560257669075e-01,5.801000481115994312e-01,-1.494439018905115768e+00,5.801000481115994312e-01,-8.018473369768966963e-01,-2.384309622640740922e-01,1.788358257635475290e+00
3.404999999999999716e+01,1.644609585521660805e+09,5.412675146030218043e-01,2.596027839615456800e-01,-1.825707178131797503e+00,2.596027839615456800e-01,-9.571341884097859243e-01,-2.089683436239971881e-01,1.747270115587927775e+00
3.406666666666666288e+01,1.644609585539001703e+09,5.466688101037981973e-01,-2.884475377350440711e-02,-1.699509784140680546e+00,-2.884475377350440711e-02,-1.106726918233070567e+00,-1.802453545770226206e-01,1.699620932007510188e+00
3.408333333333333570e+01,1.644609585555357695e+09,5.520570537076248119e-01,-2.531928386785423091e-01,-1.533875704527340345e+00,-2.531928386785423091e-01,-1.249151977790067258e+00,-1.523605961504322925e-01,1.646697093306443094e+00
3.410000000000000142e+01,1.644609585571681023e+09,5.574140299351547645e-01,-4.134414707535703504e-01,-1.344579613540664909e+00,-4.134414707535703504e-01,-1.382986607516133226e+00,-1.253912107620432925e-01,1.589787239946892416e+00
3.411666666666666714e+01,1.644609585590807676e+09,5.627196116591695052e-01,-5.736901028285972259e-01,-1.115846836931764896e+00,-5.736901028285972259e-01,-1.506873134396844893e+00,-9.940170740223462642e-02,1.529121682633326262e+00
3.413333333333333286e+01,1.644609585608041286e+09,5.679518942937871184e-01,-6.377895556586082870e-01,-2.172750011607368581e+00,-6.377895556586082870e-01,-1.619532735451016725e+00,-7.443933155599237461e-02,1.466537268601923572e+00
3.414999999999999858e+01,1.644609585622357607e+09,5.730873481759674037e-01,-6.698392820736143172e-01,-2.425144799589602052e+00,-6.698392820736143172e-01,-1.719778529207716566e+00,-5.052965780970409410e-02,1.402800631334279791e+00
3.416666666666666430e+01,1.644609585639333725e+09,5.781009879971978904e-01,-7.018890084886192371e-01,-3.008807746798517702e+00,-7.018890084886192371e-01,-1.806527863267304523e+00,-2.768986660057778243e-02,1.338153892262554656e+00
3.418333333333333002e+01,1.644609585657263041e+09,5.829665579960204846e-01,-7.980381877336351071e-01,-3.056131769545187282e+00,-7.980381877336351071e-01,-1.878813673471533274e+00,-5.941856327576381519e-03,1.271791684302800540e+00
3.420000000000000284e+01,1.644609585673242807e+09,5.876567314846684598e-01,-7.980381877336351071e-01,-2.882610352807401188e+00,-7.980381877336351071e-01,-1.935794798890083879e+00,1.470141286589726759e-02,1.205584531998931563e+00
3.421666666666666856e+01,1.644609585688609362e+09,5.921433231570932820e-01,-7.980381877336351071e-01,-2.724863610318505103e+00,-7.980381877336351071e-01,-1.976765146672568862e+00,3.424471524100602959e-02,1.139794507383719457e+00
3.423333333333333428e+01,1.644609585708525419e+09,5.963975125116647291e-01,-7.980381877336351071e-01,-2.701201598945170090e+00,-7.980381877336351071e-01,-2.001161611725598810e+00,5.269723450496217876e-02,1.074688658128776009e+00
3.425000000000000000e+01,1.644609585725484371e+09,6.003900766211047735e-01,-7.980381877336351071e-01,-3.111343129416300979e+00,-7.980381877336351071e-01,-2.008570668044745489e+00,7.007262539116526634e-02,1.010536452979599931e+00
3.426666666666666572e+01,1.644609585743773937e+09,6.040916303954245725e-01,-8.300879141486412482e-01,-2.961483724051848565e+00,-8.300879141486412482e-01,-1.998733561247922452e+00,8.638460557469559986e-02,9.470774482061268262e-01
3.428333333333333144e+01,1.644609585758951426e+09,6.074728724115704415e-01,-8.300879141486412482e-01,-2.866835678558512068e+00,-8.300879141486412482e-01,-1.971550045293553266e+00,1.016514552688589923e-01,8.851166325212601604e-01
3.429999999999999716e+01,1.644609585778038025e+09,6.105048343267640565e-01,-8.621376405636461682e-01,-2.898385027056289864e+00,-8.621376405636461682e-01,-1.927080620398150090e+00,1.158958981753381856e-01,8.243852185987510239e-01
3.431666666666666288e+01,1.644609585794514418e+09,6.131591318515604572e-01,-1.054435999053679129e+00,-3.087681118042965966e+00,-1.054435999053679129e+00,-1.865547243648206566e+00,1.291184777784438464e-01,7.624962516172806293e-01
3.433333333333333570e+01,1.644609585809448481e+09,6.154082152339467315e-01,-1.310833810373723152e+00,-3.363737917398533561e+00,-1.310833810373723152e+00,-1.787332498598445785e+00,1.412935119995038513e-01,6.986851122466845032e-01
3.435000000000000142e+01,1.644609585828372240e+09,6.172256171974346284e-01,-1.439032716033745052e+00,-3.032469758171851826e+00,-1.439032716033745052e+00,-1.692977225109670858e+00,1.524091663581012002e-01,6.353692922023634893e-01
3.436666666666666714e+01,1.644609585843676329e+09,6.185861962843489659e-01,-1.503132168863756002e+00,-2.314722079847374658e+00,-1.503132168863756002e+00,-1.583176625663541781e+00,1.624846145271246767e-01,5.738553641245517367e-01
3.438333333333333286e+01,1.644609585859623909e+09,6.194663735801358984e-01,-1.599281348108773093e+00,-2.409370125340713376e+00,-1.599281348108773093e+00,-1.458774879247098699e+00,1.715472291546326633e-01,5.138251457077792628e-01
3.439999999999999858e+01,1.644609585876546860e+09,6.198443608356051238e-01,-1.631331074523778124e+00,-1.636411087145122289e+00,-1.631331074523778124e+00,-1.320758308487020694e+00,1.796322677389975420e-01,4.565386174065677594e-01
3.441666666666666430e+01,1.644609585891617298e+09,6.197003780610538248e-01,-1.663380800938784265e+00,-1.313030265042885114e+00,-1.663380800938784265e+00,-1.170247159879709287e+00,1.867868052462908768e-01,4.021569472189662209e-01
3.443333333333333002e+01,1.644609585910746098e+09,6.190168587389608401e-01,-1.695430527353789074e+00,-1.328804939291774234e+00,-1.695430527353789074e+00,-1.008486070579327487e+00,1.930604086053760160e-01,3.508180672276624557e-01
3.445000000000000284e+01,1.644609585928007364e+09,6.177786408897263382e-01,-1.727480253768793883e+00,-1.289368253669551212e+00,-1.727480253768793883e+00,-8.368333081302177234e-01,1.985047369573220422e-01,3.026351795107329323e-01
3.446666666666666856e+01,1.644609585943916082e+09,6.159731423271613826e-01,-1.727480253768793883e+00,-1.360354287789554251e+00,-1.727480253768793883e+00,-6.567488816377482497e-01,2.031775455759899929e-01,2.582252186352892998e-01
3.448333333333333428e+01,1.644609585960869789e+09,6.135905185563422792e-01,-1.759529980183800024e+00,-1.234156893798437293e+00,-1.759529980183800024e+00,-4.697816340442547145e-01,2.071377193913471748e-01,2.171098512494645527e-01
3.450000000000000000e+01,1.644609585979845047e+09,6.106238018950530533e-01,-1.759529980183800024e+00,-1.439227659034001849e+00,-1.759529980183800024e+00,-2.775554353000500019e-01,2.104448663371518702e-01,1.798512807122623625e-01
3.451666666666666572e+01,1.644609585993817806e+09,6.070690205405020468e-01,-1.791579706598805055e+00,-1.959791909247359243e+00,-1.791579706598805055e+00,-8.175460519983457353e-02,2.131588006638381605e-01,1.459151078555987469e-01
3.453333333333333144e+01,1.644609586012866020e+09,6.029252964540946502e-01,-1.823629433013810974e+00,-2.212186697229592713e+00,-1.823629433013810974e+00,1.158912976059817967e-01,2.153346916172190206e-01,1.152769146454207250e-01
3.454999999999999716e+01,1.644609586029795885e+09,5.981949210976629239e-01,-1.887728885843822146e+00,-1.999228594869583819e+00,-1.887728885843822146e+00,3.136231774871200972e-01,2.170226351571337142e-01,8.735387596622766482e-02
3.456666666666666288e+01,1.644609586048095703e+09,5.928834082234724079e-01,-1.983878065088837905e+00,-1.951904572122914461e+00,-1.983878065088837905e+00,5.096684466066119246e-01,2.182628491608757659e-01,6.154350165444853055e-02
3.458333333333333570e+01,1.644609586063033819e+09,5.869995230961336796e-01,-2.080027244333855219e+00,-2.133313325985145337e+00,-2.080027244333855219e+00,7.022572609820275646e-01,2.190897754917248696e-01,3.775374226773562519e-02
3.460000000000000142e+01,1.644609586078814507e+09,5.805552877060473627e-01,-2.208226149993877119e+00,-2.007115931994028379e+00,-2.208226149993877119e+00,8.896387940679291173e-01,2.195316660202628056e-01,1.533539580709854591e-02
3.461666666666666714e+01,1.644609586098791599e+09,5.735659617194703852e-01,-2.336425055653899019e+00,-2.149088000234034457e+00,-2.336425055653899019e+00,1.070097393424404020e+00,2.196102320092921667e-01,-5.848631219089048955e-03
3.463333333333333286e+01,1.644609586114717484e+09,5.660499990987220009e-01,-2.432574234898914778e+00,-2.362046102594043795e+00,-2.432574234898914778e+00,1.241968466865783771e+00,2.193491155754109245e-01,-2.543094425242663909e-02
3.464999999999999858e+01,1.644609586131701708e+09,5.580289805154182714e-01,-2.496673687728925728e+00,-2.780074970189619687e+00,-2.496673687728925728e+00,1.403653946798012253e+00,2.187778106072438555e-01,-4.307663496644146411e-02
3.466666666666666430e+01,1.644609586149672985e+09,5.495275218689533725e-01,-2.560773140558937122e+00,-3.127117803665190099e+00,-2.560773140558937122e+00,1.553637185241109275e+00,2.179267103367717451e-01,-5.901113395126647565e-02
3.468333333333333002e+01,1.644609586166912794e+09,5.405731594098858173e-01,-2.624872593388948072e+00,-3.332188568900754877e+00,-2.624872593388948072e+00,1.690497137249237447e+00,2.168222856806217291e-01,-7.347963356411163494e-02
3.470000000000000284e+01,1.644609586184820414e+09,5.311962121521331959e-01,-2.624872593388948072e+00,-3.276977209029641180e+00,-2.624872593388948072e+00,1.812921697041149915e+00,2.154956271019282943e-01,-8.568548992454817770e-02
3.471666666666666856e+01,1.644609586202048302e+09,5.214296224374407318e-01,-2.624872593388948072e+00,-3.221765849158527040e+00,-2.624872593388948072e+00,1.919720059074021545e+00,2.139819745059184097e-01,-9.592437956712041025e-02
3.473333333333333428e+01,1.644609586219031096e+09,5.113087756889715951e-01,-2.624872593388948072e+00,-3.142892477914079663e+00,-2.624872593388948072e+00,2.009833985456571881e+00,2.123115345302215573e-01,-1.045045830569631545e-01
3.475000000000000000e+01,1.644609586234980345e+09,5.008713005568846688e-01,-2.624872593388948072e+00,-2.914159701305181205e+00,-2.624872593388948072e+00,2.082347871415798579e+00,2.105092919191256240e-01,-1.117444191454197294e-01
3.476666666666666572e+01,1.644609586251266718e+09,4.901568508158248849e-01,-2.624872593388948072e+00,-2.906272364180734868e+00,-2.624872593388948072e+00,2.136497511903801438e+00,2.085948645183584027e-01,-1.179695764360716298e-01
3.478333333333333144e+01,1.644609586268199682e+09,4.792068705213555213e-01,-2.624872593388948072e+00,-3.016695083922962262e+00,-2.624872593388948072e+00,2.171677484750670128e+00,2.065824033933148784e-01,-1.235103671216660759e-01
3.479999999999999716e+01,1.644609586284558535e+09,4.680643440681810930e-01,-2.624872593388948072e+00,-2.582891542078499025e+00,-2.624872593388948072e+00,2.187447078912819531e+00,2.044805391578332354e-01,-1.286989281274532326e-01
3.481666666666666288e+01,1.644609586303553820e+09,4.567735329165134028e-01,-2.624872593388948072e+00,-2.795849644438508808e+00,-2.624872593388948072e+00,2.183534710208804519e+00,2.022923751739059695e-01,-1.338663955298616814e-01
3.483333333333333570e+01,1.644609586317003012e+09,4.453797008631825705e-01,-2.624872593388948072e+00,-3.095568455167410082e+00,-2.624872593388948072e+00,2.159840781340555793e+00,2.000155278491700661e-01,-1.393400784059323216e-01
3.485000000000000142e+01,1.644609586335921526e+09,4.339288298300488234e-01,-2.624872593388948072e+00,-3.253315197656307500e+00,-2.624872593388948072e+00,2.116438957828613798e+00,1.976422138227899861e-01,-1.454406583055578017e-01
3.486666666666666714e+01,1.644609586352902412e+09,4.224673282232591087e-01,-2.624872593388948072e+00,-2.669652250447391406e+00,-2.624872593388948072e+00,2.053575846600010912e+00,1.951593833955994339e-01,-1.524794403248495578e-01
3.488333333333333286e+01,1.644609586371132135e+09,4.110417339823727034e-01,-2.624872593388948072e+00,-2.409370125340713376e+00,-2.624872593388948072e+00,1.971669079210680575e+00,1.925488991312577503e-01,-1.607556812968123361e-01
3.489999999999999858e+01,1.644609586387142897e+09,3.996984144874763945e-01,-2.624872593388948072e+00,-1.928242560749580559e+00,-2.624872593388948072e+00,1.871303816912968543e+00,1.897877581358080601e-01,-1.705540199092956399e-01
3.491666666666666430e+01,1.644609586402415276e+09,3.884832655250879396e-01,-2.624872593388948072e+00,-2.504018170834049872e+00,-2.624872593388948072e+00,1.753227709843505622e+00,1.868483561174102414e-01,-1.821420326166551806e-01
3.493333333333333002e+01,1.644609586419370413e+09,3.774414115292797356e-01,-2.624872593388948072e+00,-3.032469758171851826e+00,-2.624872593388948072e+00,1.618344357362984987e+00,1.836987909400394636e-01,-1.957679380397171209e-01
3.495000000000000284e+01,1.644609586440284491e+09,3.666169093132656265e-01,-2.624872593388948072e+00,-3.253315197656307500e+00,-2.624872593388948072e+00,1.467705330881646120e+00,1.803032030183048251e-01,-2.116584711597708224e-01
3.496666666666666856e+01,1.644609586455302477e+09,3.560524574882358295e-01,-2.624872593388948072e+00,-3.016695083922962262e+00,-2.624872593388948072e+00,1.302500834215499115e+00,1.766221495587542711e-01,-2.300169470197777344e-01
3.498333333333333428e+01,1.644609586473357439e+09,3.457891137309390683e-01,-2.624872593388948072e+00,-3.198103837785193360e+00,-2.624872593388948072e+00,1.124049089503608601e+00,1.726130093393611620e-01,-2.510215318651403127e-01
3.500000000000000000e+01,1.644609586491308212e+09,3.358660220096404414e-01,-2.624872593388948072e+00,-3.079793780918520962e+00,-2.624872593388948072e+00,9.337845488510502223e-01,1.682304144363267473e-01,-2.748237377044042140e-01
3.501666666666666572e+01,1.644609586510280609e+09,3.263201518096183196e-01,-2.624872593388948072e+00,-3.363737917398533561e+00,-2.624872593388948072e+00,7.332450430272641206e-01,1.634267050585772596e-01,-3.015471541660161292e-01
3.503333333333333144e+01,1.644609586527187109e+09,3.171860513153876848e-01,-2.624872593388948072e+00,-3.087681118042965966e+00,-2.624872593388948072e+00,5.240579886386776964e-01,1.581524034377529975e-01,-3.312864292910296937e-01
3.504999999999999716e+01,1.644609586543171883e+09,3.084956164074991736e-01,-2.624872593388948072e+00,-3.000920409674073586e+00,-2.624872593388948072e+00,3.079257841040512478e-01,1.523567025470971004e-01,-3.641065085551220548e-01
3.506666666666666288e+01,1.644609586558659792e+09,3.002778772181013411e-01,-2.656922319803954213e+00,-2.535567519331830333e+00,-2.656922319803954213e+00,8.661053241500188404e-02,1.459835385638996452e-01,-4.005718743617404654e-01
3.508333333333333570e+01,1.644609586576610565e+09,2.925588038621205200e-01,-2.624872593388948072e+00,-2.164862674482924021e+00,-2.624872593388948072e+00,-1.380817650206659641e-01,1.389810472104131278e-01,-4.396186223150808647e-01
3.510000000000000142e+01,1.644609586592794657e+09,2.853611328211240750e-01,-2.624872593388948072e+00,-2.480356159460716192e+00,-2.624872593388948072e+00,-3.643173942375730334e-01,1.313019221026889560e-01,-4.817593303344653854e-01
3.511666666666666714e+01,1.644609586610796452e+09,2.787042153054092863e-01,-2.624872593388948072e+00,-2.819511655811842488e+00,-2.624872593388948072e+00,-5.902513415781133199e-01,1.228950662473858174e-01,-5.269378733952799765e-01
3.513333333333333286e+01,1.644609586626129866e+09,2.726038887582572512e-01,-2.624872593388948072e+00,-2.811624318687397484e+00,-2.624872593388948072e+00,-8.140437788745853442e-01,1.137105644342074201e-01,-5.750686444531605268e-01
3.514999999999999858e+01,1.644609586644590855e+09,2.670723724952330791e-01,-2.624872593388948072e+00,-2.614440890576277710e+00,-2.624872593388948072e+00,-1.033876465746933260e+00,1.037001675491110719e-01,-6.260373985536622499e-01
3.516666666666666430e+01,1.644609586663671017e+09,2.621181882927674511e-01,-2.624872593388948072e+00,-1.920355223625134666e+00,-2.624872593388948072e+00,-1.247968914816564467e+00,9.281776070286319735e-02,-6.797023501775062426e-01
3.518333333333333002e+01,1.644609586679682493e+09,2.577461065550972763e-01,-2.592822866973942819e+00,-1.865143863754022080e+00,-2.592822866973942819e+00,-1.454594168111783326e+00,8.102423776723262361e-02,-7.353657778266378120e-01
3.520000000000000284e+01,1.644609586697614908e+09,2.539571184983961949e-01,-2.560773140558937122e+00,-2.504018170834049872e+00,-2.560773140558937122e+00,-1.652094036892434836e+00,6.828782724163280637e-02,-7.928438202585608163e-01
3.521666666666666856e+01,1.644609586714661360e+09,2.507484345972740281e-01,-2.560773140558937122e+00,-2.149088000234034457e+00,-2.560773140558937122e+00,-1.838893662486166924e+00,5.457558738057355363e-02,-8.524593604482533227e-01
3.523333333333333428e+01,1.644609586733663797e+09,2.481135093428971095e-01,-2.496673687728925728e+00,-2.448806810962937952e+00,-2.496673687728925728e+00,-2.013515262470304545e+00,3.986272393706456751e-02,-9.129163128413981809e-01
3.525000000000000000e+01,1.644609586748619318e+09,2.460420921657728577e-01,-2.432574234898914778e+00,-2.125425988860700333e+00,-2.432574234898914778e+00,-2.174590934575447054e+00,2.413720056097269639e-02,-9.739768756232123348e-01
3.526666666666666572e+01,1.644609586766572714e+09,2.445203041807301469e-01,-2.368474782068903828e+00,-2.070214628989586636e+00,-2.368474782068903828e+00,-2.320874399953342770e+00,7.391083557095570744e-03,-1.035386578319706041e+00
3.528333333333333144e+01,1.644609586784505129e+09,2.435307402187506520e-01,-2.240275876408881928e+00,-2.259510719976262294e+00,-2.240275876408881928e+00,-2.451251577850163343e+00,-1.037034741699324747e-02,-1.095817271583267916e+00
3.529999999999999716e+01,1.644609586799624681e+09,2.430525954213856310e-01,-2.176176423578870978e+00,-2.330496754096265111e+00,-2.176176423578870978e+00,-2.564749895156951176e+00,-2.913743289044483376e-02,-1.156065624755413301e+00
3.531666666666666288e+01,1.644609586817605019e+09,2.430618154898792904e-01,-2.080027244333855219e+00,-2.764300295940728791e+00,-2.080027244333855219e+00,-2.660546246652379043e+00,-4.890028731808502421e-02,-1.215312328510877116e+00
3.533333333333333570e+01,1.644609586833584070e+09,2.435312695044853093e-01,-2.015927791503844269e+00,-2.993033072549628582e+00,-2.015927791503844269e+00,-2.737973534898759720e+00,-6.964424447130909690e-02,-1.273800060131029754e+00
3.535000000000000142e+01,1.644609586851660728e+09,2.444309440609193362e-01,-1.983878065088837905e+00,-2.669652250447391406e+00,-1.983878065088837905e+00,-2.796525732558871269e+00,-9.135857933141297571e-02,-1.331759121898387743e+00
3.536666666666666714e+01,1.644609586868664503e+09,2.457281573119370344e-01,-1.951828338673833096e+00,-2.669652250447391406e+00,-1.951828338673833096e+00,-2.835861424243699247e+00,-1.140318995609335001e-01,-1.388880631050826153e+00
3.538333333333333286e+01,1.644609586885598183e+09,2.473877913536920992e-01,-1.919778612258826955e+00,-2.937821712678514885e+00,-1.919778612258826955e+00,-2.855805799733092343e+00,-1.376476832945384698e-01,-1.444857920850419752e+00
3.539999999999999858e+01,1.644609586902867079e+09,2.493725412602220692e-01,-1.855679159428816005e+00,-2.740638284567394667e+00,-1.855679159428816005e+00,-2.856351085388714850e+00,-1.621799121136566768e-01,-1.498859529444926952e+00
3.541666666666666430e+01,1.644609586921838045e+09,2.516431789458340451e-01,-1.823629433013810974e+00,-2.527680182207385329e+00,-1.823629433013810974e+00,-2.837655415658368874e+00,-1.875977000341229328e-01,-1.551129822335663766e+00
3.543333333333333002e+01,1.644609586937773228e+09,2.541588299256645200e-01,-1.759529980183800024e+00,-2.330496754096265111e+00,-1.759529980183800024e+00,-2.800040161600790611e+00,-2.138653910177646666e-01,-1.600854967048431776e+00
3.545000000000000284e+01,1.644609586954749584e+09,2.568772609497288473e-01,-1.695430527353789074e+00,-2.504018170834049872e+00,-1.695430527353789074e+00,-2.743985748197439456e+00,-2.409383706395292757e-01,-1.647772258685854307e+00
3.546666666666666856e+01,1.644609586970059872e+09,2.597551764063378288e-01,-1.631331074523778124e+00,-2.125425988860700333e+00,-1.631331074523778124e+00,-2.670126006714654388e+00,-2.687677698894300748e-01,-1.691633810789927361e+00
3.548333333333333428e+01,1.644609586988536358e+09,2.627485213274538545e-01,-1.567231621693767174e+00,-2.314722079847374658e+00,-1.567231621693767174e+00,-2.579241122396892294e+00,-2.973007303142902735e-01,-1.732208729433244887e+00
3.550000000000000000e+01,1.644609587007509470e+09,2.658127887815657786e-01,-1.471082442448751193e+00,-2.188524685856259033e+00,-1.471082442448751193e+00,-2.472249251172147222e+00,-3.264762772119446099e-01,-1.768755377429272135e+00
3.551666666666666572e+01,1.644609587022988796e+09,2.689033294098043814e-01,-1.406982989618740243e+00,-2.101763977487365320e+00,-1.406982989618740243e+00,-2.350196891703055790e+00,-3.562301756870766556e-01,-1.801621143642836653e+00
3.553333333333333144e+01,1.644609587040679932e+09,2.719756608481226912e-01,-1.278784083958718121e+00,-1.455002333282891192e+00,-1.278784083958718121e+00,-2.214248110899988298e+00,-3.864908132861499257e-01,-1.829577709291408505e+00
3.554999999999999716e+01,1.644609587056635857e+09,2.749857747826439658e-01,-1.182634904713701030e+00,-1.865143863754022080e+00,-1.182634904713701030e+00,-2.065672731811985408e+00,-4.171797307931283672e-01,-1.853027252393191437e+00
3.556666666666666288e+01,1.644609587072989464e+09,2.778904394068757999e-01,-1.118535451883690079e+00,-1.652185761394011188e+00,-1.118535451883690079e+00,-1.905833602520188741e+00,-4.482253046471744162e-01,-1.872387829445876672e+00
3.558333333333333570e+01,1.644609587089937687e+09,2.806474950878462549e-01,-1.086485725468685271e+00,-1.462889670407337528e+00,-1.086485725468685271e+00,-1.736173073188097771e+00,-4.795630203716976236e-01,-1.888094427032299905e+00
3.560000000000000142e+01,1.644609587106219769e+09,2.832161411033883858e-01,-9.903365462236681793e-01,-1.147396185429544913e+00,-9.903365462236681793e-01,-1.558198815686389516e+00,-5.111224812537022988e-01,-1.899010555515462828e+00
3.561666666666666714e+01,1.644609587124149561e+09,2.855572113841755577e-01,-9.582868198086632594e-01,-7.688040034561940406e-01,-9.582868198086632594e-01,-1.373469126142102148e+00,-5.428324281882144220e-01,-1.906163207680130034e+00
3.563333333333333286e+01,1.644609587141131401e+09,2.876334372810068762e-01,-9.582868198086632594e-01,-1.186832871051768157e+00,-9.582868198086632594e-01,-1.183577855302545556e+00,-5.746343701871731158e-01,-1.910059010266358159e+00
3.564999999999999858e+01,1.644609587155060291e+09,2.894096954799306176e-01,-8.941873669786521983e-01,-1.036973465687317075e+00,-8.941873669786521983e-01,-9.901391147199679610e-01,-6.064651328352601567e-01,-1.909633688979914812e+00
3.566666666666666430e+01,1.644609587176033974e+09,2.908532393038665287e-01,-7.980381877336351071e-01,-1.194720208176212717e+00,-7.980381877336351071e-01,-7.947719084071213080e-01,-6.382486011521966152e-01,-1.904397055598657573e+00
3.568333333333333002e+01,1.644609587191959143e+09,2.919339117687345664e-01,-7.339387349036241570e-01,-1.242044230922881853e+00,-7.339387349036241570e-01,-5.990848397989125829e-01,-6.699096336885606018e-01,-1.894953082640669084e+00
3.570000000000000284e+01,1.644609587209121943e+09,2.926243389038005183e-01,-6.377895556586082870e-01,-1.328804939291774234e+00,-6.377895556586082870e-01,-4.046610425569244773e-01,-7.013744369973821113e-01,-1.880862455968773217e+00
3.571666666666666856e+01,1.644609587226081133e+09,2.929001019986133825e-01,-5.095906499985862759e-01,-1.423452984785112729e+00,-5.095906499985862759e-01,-2.130434810025066961e-01,-7.325621695226945951e-01,-1.861718625626812340e+00
3.573333333333333428e+01,1.644609587242038250e+09,2.927398876015840368e-01,-4.134414707535703504e-01,-1.754721144011794465e+00,-4.134414707535703504e-01,-2.572076178741555808e-02,-7.633943290843138163e-01,-1.838205836607542887e+00
3.575000000000000000e+01,1.644609587260984898e+09,2.921256142666175948e-01,-2.852425650935483947e-01,-1.794157829634018819e+00,-2.852425650935483947e-01,1.558864071563570430e-01,-7.937950658574881579e-01,-1.809961035799988460e+00
3.576666666666666572e+01,1.644609587277906895e+09,2.910425352227588580e-01,-1.570436594335263836e-01,-1.565425053025118807e+00,-1.570436594335263836e-01,3.304379812297910668e-01,-8.236871410891929424e-01,-1.777179055205012626e+00
3.578333333333333144e+01,1.644609587294211864e+09,2.894793163264052227e-01,-2.884475377350440711e-02,-1.447114996158446631e+00,-2.884475377350440711e-02,4.966864463357646420e-01,-8.529967086233941620e-01,-1.740072126128107133e+00
3.579999999999999716e+01,1.644609587313153744e+09,2.874280888446728577e-01,1.314038783015236689e-01,-2.259510719976262294e+00,1.314038783015236689e-01,6.534876769118009854e-01,-8.816491614819782496e-01,-1.698338147349300886e+00
3.581666666666666288e+01,1.644609587328566074e+09,2.848844768104512593e-01,2.596027839615456800e-01,-2.748525621691839671e+00,2.596027839615456800e-01,7.998106835344008791e-01,-9.095738952420522327e-01,-1.652756522464294386e+00
3.583333333333333570e+01,1.644609587346893549e+09,2.818475988833112900e-01,4.839508688665823399e-01,-2.740638284567394667e+00,4.839508688665823399e-01,9.347461601748042748e-01,-9.366956065860230218e-01,-1.601989860636300556e+00
3.585000000000000142e+01,1.644609587360867500e+09,2.783200448438770125e-01,6.441995009416116025e-01,-2.590778879202944029e+00,6.441995009416116025e-01,1.057513753419101921e+00,-9.629391284739319268e-01,-1.547384451175713105e+00
3.586666666666666714e+01,1.644609587378940344e+09,2.743078270413303321e-01,7.723984066016336136e-01,-2.661764913322946846e+00,7.723984066016336136e-01,1.167467988935114498e+00,-9.882472084998747963e-01,-1.489745264557491122e+00
3.588333333333333286e+01,1.644609587393795013e+09,2.698203073027974352e-01,8.685475858466483734e-01,-2.582891542078499025e+00,8.685475858466483734e-01,1.264102804048228723e+00,-1.012575969147235577e+00,-1.429872330745215692e+00
3.589999999999999858e+01,1.644609587411069155e+09,2.648700999978649828e-01,9.646967650916654646e-01,-2.496130833709605756e+00,9.646967650916654646e-01,1.347054649336662413e+00,-1.035890379721009946e+00,-1.368028729930969245e+00
3.591666666666666430e+01,1.644609587429012299e+09,2.594729521302352460e-01,1.060845944336682445e+00,-2.330496754096265111e+00,1.060845944336682445e+00,1.416104136541013414e+00,-1.058159788161310289e+00,-1.304476820142707272e+00
3.593333333333333002e+01,1.644609587445029974e+09,2.536476014999315409e-01,1.156995123581699536e+00,-2.464581485211826628e+00,1.156995123581699536e+00,1.471176224652446241e+00,-1.079357889169727747e+00,-1.239475863330387506e+00
3.595000000000000284e+01,1.644609587462469816e+09,2.474156141422689803e-01,1.253144302826714185e+00,-2.882610352807401188e+00,1.253144302826714185e+00,1.512338950659955383e+00,-1.099462653273660218e+00,-1.173279711668343772e+00
3.596666666666666856e+01,1.644609587479252338e+09,2.408012024029275167e-01,1.317243755656726467e+00,-2.843173667185177500e+00,1.317243755656726467e+00,1.539800725949687088e+00,-1.118460644746208432e+00,-1.106664312169021835e+00
3.598333333333333428e+01,1.644609587497169018e+09,2.338310251502334625e-01,1.381343208486736307e+00,-2.953596386927404449e+00,1.381343208486736307e+00,1.553906233617208699e+00,-1.136346778804486757e+00,-1.039857354075677698e+00
3.600000000000000000e+01,1.644609587515095234e+09,2.265339717559010091e-01,1.413392934901741116e+00,-3.150779815038523779e+00,1.413392934901741116e+00,1.555130975834884577e+00,-1.153124095085385381e+00,-9.736046392825019602e-01
3.601666666666666572e+01,1.644609587533074141e+09,2.189409315920449184e-01,1.509542114146758207e+00,-3.253315197656307500e+00,1.509542114146758207e+00,1.544074533771736535e+00,-1.168794597259771528e+00,-9.070405263094742931e-01
3.603333333333333144e+01,1.644609587548055410e+09,2.110845508952712279e-01,1.541591840561763238e+00,-2.425144799589602052e+00,1.541591840561763238e+00,1.521452615263955810e+00,-1.183363589246238856e+00,-8.414207933925782479e-01
3.604999999999999716e+01,1.644609587564989328e+09,2.029989789366015707e-01,1.637741019806780329e+00,-2.590778879202944029e+00,1.637741019806780329e+00,1.488087977350881275e+00,-1.196839310615501084e+00,-7.758479220706884227e-01
3.606666666666666288e+01,1.644609587582958698e+09,1.947196055087452027e-01,1.701840472636792390e+00,-2.890497689931845748e+00,1.701840472636792390e+00,1.444900321809386323e+00,-1.209228319405895036e+00,-7.110132333728580445e-01
3.608333333333333570e+01,1.644609587598895073e+09,1.862827917988978399e-01,1.669790746221785138e+00,-3.016695083922962262e+00,1.669790746221785138e+00,1.392895271830443704e+00,-1.220557314738535348e+00,-6.486394710726806068e-01
3.610000000000000142e+01,1.644609587613858700e+09,1.777255967556952698e-01,1.701840472636792390e+00,-2.953596386927404449e+00,1.701840472636792390e+00,1.333152546883308531e+00,-1.230859187432119528e+00,-5.877543813870947931e-01
3.611666666666666714e+01,1.644609587632225752e+09,1.690855010825906279e-01,1.733890199051797421e+00,-3.205991174909638364e+00,1.733890199051797421e+00,1.266813460525710422e+00,-1.240159454173415776e+00,-5.284423869861732959e-01
3.613333333333333286e+01,1.644609587650228977e+09,1.604001309970567724e-01,1.733890199051797421e+00,-3.190216500660748800e+00,1.733890199051797421e+00,1.195067872356994743e+00,-1.248489289413395209e+00,-4.712965838893806159e-01
3.614999999999999858e+01,1.644609587666193724e+09,1.517069838850921282e-01,1.765939925466802229e+00,-3.308526557527421197e+00,1.765939925466802229e+00,1.119140730422745422e+00,-1.255880647979124465e+00,-4.158205477254923177e-01
3.616666666666666430e+01,1.644609587684143782e+09,1.430431579540512033e-01,1.797989651881807038e+00,-2.969371061176293569e+00,1.797989651881807038e+00,1.040278344108767961e+00,-1.262361534107861560e+00,-3.620351949969123906e-01
3.618333333333333002e+01,1.644609587699746609e+09,1.344450879439413882e-01,1.862089104711819321e+00,-2.795849644438508808e+00,1.862089104711819321e+00,9.597345298754953458e-01,-1.267955697854280750e+00,-3.094106373407046195e-01
3.620000000000000284e+01,1.644609587717236519e+09,1.259482888983885496e-01,1.894138831126824352e+00,-2.590778879202944029e+00,1.894138831126824352e+00,8.787567730606271610e-01,-1.272686812133897227e+00,-2.584645963246305911e-01
3.621666666666666856e+01,1.644609587735190630e+09,1.175871099219147620e-01,1.894138831126824352e+00,-2.748525621691839671e+00,1.894138831126824352e+00,7.985725484107765171e-01,-1.276586937507636410e+00,-2.096859479585979624e-01
3.623333333333333428e+01,1.644609587751161098e+09,1.093944997608436998e-01,1.894138831126824352e+00,-2.780074970189619687e+00,1.894138831126824352e+00,7.203759399972604616e-01,-1.279691623294431979e+00,-1.630060159864011038e-01
3.625000000000000000e+01,1.644609587768116713e+09,1.014017859415298484e-01,1.894138831126824352e+00,-2.740638284567394667e+00,1.894138831126824352e+00,6.453146977534204298e-01,-1.282035125166752110e+00,-1.183382886327434547e-01
3.626666666666666572e+01,1.644609587785048008e+09,9.363846908273190661e-02,1.926188557541829161e+00,-2.559229530705164013e+00,1.926188557541829161e+00,5.744778630730644764e-01,-1.283645691740048722e+00,-7.504994838253202516e-02
3.628333333333333144e+01,1.644609587803030491e+09,8.613203386968594499e-02,1.894138831126824352e+00,-2.212186697229592713e+00,1.894138831126824352e+00,5.088840897821200748e-01,-1.284554251551897508e+00,-3.409100655553427145e-02
3.629999999999999716e+01,1.644609587819976091e+09,7.890777803683113323e-02,1.926188557541829161e+00,-1.920355223625134666e+00,1.926188557541829161e+00,4.494707794019485725e-01,-1.284789599074649624e+00,5.738663249614125994e-03
3.631666666666666288e+01,1.644609587836931944e+09,7.198866055556721322e-02,1.926188557541829161e+00,-1.770495818260683585e+00,1.926188557541829161e+00,3.970841410399603699e-01,-1.284373855729813219e+00,4.404413154780757733e-02
3.633333333333333570e+01,1.644609587854883194e+09,6.539517006352282835e-02,1.958238283956836412e+00,-1.746833806887349905e+00,1.958238283956836412e+00,3.524702765538663130e-01,-1.283326714048754535e+00,8.150879920859388506e-02
3.635000000000000142e+01,1.644609587872841120e+09,5.914521440477930880e-02,1.958238283956836412e+00,-1.518101030278449670e+00,1.958238283956836412e+00,3.162673809448448559e-01,-1.281665336240612740e+00,1.177558491488135406e-01
3.636666666666666714e+01,1.644609587888792992e+09,5.325403197658198917e-02,1.958238283956836412e+00,-1.226269556673992733e+00,1.958238283956836412e+00,2.889991363434949445e-01,-1.279408613697641695e+00,1.529530836108480840e-01
3.638333333333333286e+01,1.644609587906745195e+09,4.773412539984588782e-02,1.958238283956836412e+00,-1.699509784140680546e+00,1.958238283956836412e+00,2.710693655840241689e-01,-1.276572608508773632e+00,1.872722059143275830e-01
3.639999999999999858e+01,1.644609587923698902e+09,4.259521784854265053e-02,1.990288010371841443e+00,-1.533875704527340345e+00,1.990288010371841443e+00,2.627579983377921202e-01,-1.273166079368464487e+00,2.214164435858456403e-01
3.641666666666666430e+01,1.644609587939656258e+09,3.784423218915345527e-02,1.990288010371841443e+00,-1.888805875127355760e+00,1.990288010371841443e+00,2.642183892290077551e-01,-1.269194993909522173e+00,2.550204647869175889e-01
3.643333333333333002e+01,1.644609587957240105e+09,3.348529289688723098e-02,2.022337736786846030e+00,-2.101763977487365320e+00,2.022337736786846030e+00,2.754760134215881173e-01,-1.264662501201862854e+00,2.887848679160654464e-01
3.645000000000000284e+01,1.644609587976245403e+09,2.951975053156611489e-02,2.022337736786846030e+00,-1.707397121265125328e+00,2.022337736786846030e+00,2.964285509846047439e-01,-1.259569038023315768e+00,3.223375095337092100e-01
3.646666666666666856e+01,1.644609587991258383e+09,2.594622837517475411e-02,2.086437189616858312e+00,-2.172750011607368581e+00,2.086437189616858312e+00,3.268473570596106548e-01,-1.253907943549661397e+00,3.568978241713293698e-01
3.648333333333333428e+01,1.644609588007966995e+09,2.276069065536923813e-02,2.214636095276880212e+00,-2.109651314611809880e+00,2.214636095276880212e+00,3.663803006080730285e-01,-1.247652450113243106e+00,3.936592706663268881e-01
3.650000000000000000e+01,1.644609588026883125e+09,1.995653160749328442e-02,2.278735548106890274e+00,-2.188524685856259033e+00,2.278735548106890274e+00,4.145559404568357476e-01,-1.240773835919418033e+00,4.316688479485639718e-01
3.651666666666666572e+01,1.644609588042840004e+09,1.752468446187009643e-02,2.342835000936902556e+00,-2.543454856456274449e+00,2.342835000936902556e+00,4.707889936221720806e-01,-1.233250358286898551e+00,4.710391035586956043e-01
3.653333333333333144e+01,1.644609588059821367e+09,1.545374928581948540e-02,2.438984180181916983e+00,-2.338384091220709671e+00,2.438984180181916983e+00,5.343870376216397489e-01,-1.225054083200709076e+00,5.123990154358988303e-01
3.654999999999999716e+01,1.644609588077746630e+09,1.373013846140085439e-02,2.471033906596921792e+00,-2.622328227700722714e+00,2.471033906596921792e+00,6.045583758042979428e-01,-1.216160070077118016e+00,5.547648736856612972e-01
3.656666666666666288e+01,1.644609588093830109e+09,1.233823844191560618e-02,2.503083633011929265e+00,-2.606553553451833150e+00,2.503083633011929265e+00,6.804209827797280674e-01,-1.206550906004178580e+00,5.982141198759161060e-01
3.658333333333333570e+01,1.644609588112984896e+09,1.126058630364383181e-02,2.567183085841938883e+00,-2.740638284567394667e+00,2.567183085841938883e+00,7.610124359165170160e-01,-1.196203604279503230e+00,6.433367435138817036e-01
3.660000000000000142e+01,1.644609588127992153e+09,1.047805949521344281e-02,2.631282538671951166e+00,-3.150779815038523779e+00,2.631282538671951166e+00,8.453007287295011274e-01,-1.185089995797350859e+00,6.901661894884201232e-01
3.661666666666666714e+01,1.644609588144233227e+09,9.970077086194514132e-03,2.663332265086955974e+00,-2.803736981562953368e+00,2.663332265086955974e+00,9.321958528821872036e-01,-1.173185935933290125e+00,7.381875982571785011e-01
3.663333333333333286e+01,1.644609588163072109e+09,9.714810729876156847e-03,2.663332265086955974e+00,-2.780074970189619687e+00,2.663332265086955974e+00,1.020562027586556342e+00,-1.160475946817214998e+00,7.868758473523285168e-01
3.664999999999999858e+01,1.644609588180005550e+09,9.689403483349644242e-03,2.695381991501961227e+00,-2.251623382851817290e+00,2.695381991501961227e+00,1.109230448468204067e+00,-1.146944538077406817e+00,8.367546459453564234e-01
3.666666666666666430e+01,1.644609588197170734e+09,9.870194571468295097e-03,2.695381991501961227e+00,-2.362046102594043795e+00,2.695381991501961227e+00,1.197012422551179789e+00,-1.132576580822203693e+00,8.872599289243722209e-01
3.668333333333333002e+01,1.644609588212502956e+09,1.023294814052873314e-02,2.663332265086955974e+00,-2.527680182207385329e+00,2.663332265086955974e+00,1.282712751951583741e+00,-1.117366434417514931e+00,9.378171994703257131e-01
3.670000000000000284e+01,1.644609588228958845e+09,1.075308402291666639e-02,2.663332265086955974e+00,-1.983453920620692923e+00,2.663332265086955974e+00,1.365143226201120275e+00,-1.101309264494260809e+00,9.889012877352062469e-01
3.671666666666666856e+01,1.644609588248907804e+09,1.140590852543423017e-02,2.695381991501961227e+00,-2.551342193580719453e+00,2.695381991501961227e+00,1.443136081874653254e+00,-1.084392549723339760e+00,1.040959874187228795e+00
3.673333333333333428e+01,1.644609588263826609e+09,1.216684326206275701e-02,2.663332265086955974e+00,-2.251623382851817290e+00,2.663332265086955974e+00,1.515557288380224632e+00,-1.066609806073847366e+00,1.092825289762189289e+00
3.675000000000000000e+01,1.644609588282769918e+09,1.301165007587926775e-02,2.695381991501961227e+00,-2.109651314611809880e+00,2.695381991501961227e+00,1.581319520391338163e+00,-1.047956292672014289e+00,1.145450134891911276e+00
3.676666666666666572e+01,1.644609588298729897e+09,1.391665013493885439e-02,2.695381991501961227e+00,-2.567116867829608573e+00,2.695381991501961227e+00,1.639394680438795326e+00,-1.028424945717803185e+00,1.198165065803379559e+00
3.678333333333333144e+01,1.644609588315680981e+09,1.485893534275783967e-02,2.663332265086955974e+00,-2.638102901949611834e+00,2.663332265086955974e+00,1.688825839601849843e+00,-1.008019896862131004e+00,1.250295985359187512e+00
3.679999999999999716e+01,1.644609588331964970e+09,1.581657027474269589e-02,2.695381991501961227e+00,-2.590778879202944029e+00,2.695381991501961227e+00,1.728738470010707129e+00,-9.867432602191845703e-01,1.302754689741452143e+00
3.681666666666666288e+01,1.644609588347923517e+09,1.676878293751923876e-02,2.695381991501961227e+00,-2.085989303238476200e+00,2.695381991501961227e+00,1.758350849924730452e+00,-9.645954673822689784e-01,1.354835777594981305e+00
3.683333333333333570e+01,1.644609588365365982e+09,1.769614274729833236e-02,2.695381991501961227e+00,-2.488243496585160752e+00,2.695381991501961227e+00,1.776983530425786828e+00,-9.415842763251744962e-01,1.406364011903349365e+00
3.685000000000000142e+01,1.644609588381323338e+09,1.858072423586885902e-02,2.695381991501961227e+00,-2.732750947442950107e+00,2.695381991501961227e+00,1.784067762172377725e+00,-9.177204199907507132e-01,1.457157651463497849e+00
3.686666666666666714e+01,1.644609588399804831e+09,1.940625511724877045e-02,2.727431717916966036e+00,-2.661764913322946846e+00,2.727431717916966036e+00,1.779152791107629916e+00,-8.930132707738832609e-01,1.507560244063707033e+00
3.688333333333333286e+01,1.644609588417741776e+09,2.015824748351355972e-02,2.759481444331973066e+00,-3.008807746798517702e+00,2.759481444331973066e+00,1.761911943400033209e+00,-8.674709945685353807e-01,1.557374524320559228e+00
3.689999999999999858e+01,1.644609588434695721e+09,2.082411104399953250e-02,2.791531170746978319e+00,-3.213878512034082480e+00,2.791531170746978319e+00,1.732147432102993934e+00,-8.411050450970992687e-01,1.606403218229955909e+00
3.691666666666666430e+01,1.644609588452647686e+09,2.139324747623119055e-02,2.855630623576987936e+00,-3.174441826411859680e+00,2.855630623576987936e+00,1.689793830928897123e+00,-8.139257190469586511e-01,1.654980966421579991e+00
3.693333333333333002e+01,1.644609588468605757e+09,2.185712511895359506e-02,2.887680349991995410e+00,-3.450498625767427274e+00,2.887680349991995410e+00,1.634920174015093153e+00,-7.859466258957790163e-01,1.702378548670518521e+00
3.695000000000000284e+01,1.644609588488554239e+09,2.220933340555231866e-02,2.951779802822005028e+00,-3.584583356882988792e+00,2.951779802822005028e+00,1.567730654478674213e+00,-7.571845464197159981e-01,1.748941643482800234e+00
3.696666666666666856e+01,1.644609588503513098e+09,2.244561660910317225e-02,3.015879255652017310e+00,-3.505709985638540971e+00,3.015879255652017310e+00,1.488563908774436451e+00,-7.276549277833473939e-01,1.794486077586872508e+00
3.698333333333333428e+01,1.644609588521487236e+09,2.256388664662798554e-02,3.047928982067022119e+00,-3.371625254522979898e+00,3.047928982067022119e+00,1.397890888245304719e+00,-6.973806229438423987e-01,1.838308770585906249e+00
3.700000000000000000e+01,1.644609588541376591e+09,2.256421486833461165e-02,3.047928982067022119e+00,-3.111343129416300979e+00,3.047928982067022119e+00,1.296311333638873409e+00,-6.663960229186776107e-01,1.879728175822506397e+00
3.701666666666666572e+01,1.644609588555385828e+09,2.244880293657244147e-02,3.079978708482026928e+00,-2.835286330060732052e+00,3.079978708482026928e+00,1.184548882620056531e+00,-6.347378303031179225e-01,1.919145443058648093e+00
3.703333333333333144e+01,1.644609588571873426e+09,2.222193307697658410e-02,3.079978708482026928e+00,-3.190216500660748800e+00,3.079978708482026928e+00,1.063444854286939467e+00,-6.024448545150620227e-01,1.955909526650075003e+00
3.704999999999999716e+01,1.644609588587857962e+09,2.188989816000127403e-02,3.112028434897031737e+00,-2.858948341434067064e+00,3.112028434897031737e+00,9.339507682606960071e-01,-5.695576809376236005e-01,1.990455339791932010e+00
3.706666666666666288e+01,1.644609588605834246e+09,2.146091224253394991e-02,3.079978708482026928e+00,-2.780074970189619687e+00,3.079978708482026928e+00,7.971196689334870689e-01,-5.361228411966876273e-01,2.021638806341254480e+00
3.708333333333333570e+01,1.644609588624083281e+09,2.094500236604734944e-02,3.112028434897031737e+00,-2.504018170834049872e+00,3.112028434897031737e+00,6.540963377840404158e-01,-5.021879118188810054e-01,2.050472623174798947e+00
3.710000000000000142e+01,1.644609588639352083e+09,2.035388256751449049e-02,3.112028434897031737e+00,-2.653877576198502286e+00,3.112028434897031737e+00,5.061064881948105221e-01,-4.677968418002181328e-01,2.076383801874333468e+00
3.711666666666666714e+01,1.644609588657656431e+09,1.970081121145264569e-02,3.112028434897031737e+00,-2.354158765469599235e+00,3.112028434897031737e+00,3.544450478010084948e-01,-4.329984452219824975e-01,2.099359963341065338e+00
3.713333333333333286e+01,1.644609588674028397e+09,1.900043289458099027e-02,3.112028434897031737e+00,-2.448806810962937952e+00,3.112028434897031737e+00,2.004636429678717802e-01,-3.978415540866553912e-01,2.119411273503486459e+00
3.714999999999999858e+01,1.644609588690962315e+09,1.826860630705324368e-02,3.112028434897031737e+00,-2.354158765469599235e+00,3.112028434897031737e+00,4.555740843308903054e-02,-3.623746396719936258e-01,2.136570789810993354e+00
3.716666666666666430e+01,1.644609588708244801e+09,1.752221955581531251e-02,3.112028434897031737e+00,-1.723171795514014670e+00,3.112028434897031737e+00,-1.088487476252820996e-01,-3.266454300551469014e-01,2.150894574982009200e+00
3.718333333333333002e+01,1.644609588724507093e+09,1.677899456444349735e-02,3.112028434897031737e+00,-1.683735109891791204e+00,3.112028434897031737e+00,-2.613142868993179047e-01,-2.907005277101653573e-01,2.162461575103656219e+00
3.720000000000000284e+01,1.644609588739135981e+09,1.605728225969892814e-02,3.112028434897031737e+00,-1.896693212251800542e+00,3.112028434897031737e+00,-4.103974518553695772e-01,-2.545850311107833441e-01,2.171373261554968792e+00
3.721666666666666856e+01,1.644609588757408142e+09,1.537585033663769335e-02,3.112028434897031737e+00,-1.865143863754022080e+00,3.112028434897031737e+00,-5.546698002586418763e-01,-2.183421642592079936e-01,2.177753038614033354e+00
3.723333333333333428e+01,1.644609588774360657e+09,1.475366546121396547e-02,3.112028434897031737e+00,-1.620636412896232725e+00,3.112028434897031737e+00,-6.927307175866080913e-01,-1.820129180107620537e-01,2.181745420987427853e+00
3.725000000000000000e+01,1.644609588792870998e+09,1.420967182089514363e-02,3.112028434897031737e+00,-1.809932503882908161e+00,3.112028434897031737e+00,-8.232217612933850903e-01,-1.456357069740064070e-01,2.183514987844066280e+00
3.726666666666666572e+01,1.644609588807831287e+09,1.376256796993518237e-02,3.112028434897031737e+00,-2.030777943367362059e+00,3.112028434897031737e+00,-9.448406920351837268e-01,-1.092460456371624061e-01,2.183245122221586509e+00
3.728333333333333144e+01,1.644609588826759100e+09,1.343058393586098881e-02,3.112028434897031737e+00,-1.707397121265125328e+00,3.112028434897031737e+00,-1.056355049567880400e+00,-7.287624720542351664e-02,2.181136546878666760e+00
3.729999999999999716e+01,1.644609588844710827e+09,1.323126055759316425e-02,3.112028434897031737e+00,-1.660073098518457524e+00,3.112028434897031737e+00,-1.156615135046976439e+00,-3.655514843162140093e-02,2.177405669769032048e+00
3.731666666666666288e+01,1.644609588859113216e+09,1.318123301307216541e-02,3.112028434897031737e+00,-1.660073098518457524e+00,3.112028434897031737e+00,-1.244566266872155769e+00,-3.078634865846530122e-04,2.172282754291076756e+00
3.733333333333333570e+01,1.644609588877019405e+09,1.329602046574566640e-02,3.112028434897031737e+00,-1.352466950665109691e+00,3.112028434897031737e+00,-1.319260183961803445e+00,3.584443035236296871e-02,2.166009931301049463e+00
3.735000000000000142e+01,1.644609588893961191e+09,1.358982371459701091e-02,3.112028434897031737e+00,-1.486551681780671208e+00,3.112028434897031737e+00,-1.379865478359505238e+00,7.188467271341564269e-02,2.158839071548955602e+00
3.736666666666666714e+01,1.644609588911868095e+09,1.407533267230512419e-02,3.112028434897031737e+00,-1.612749075771788165e+00,3.112028434897031737e+00,-1.425676948284130052e+00,1.078000636849091726e-01,2.151029538687676990e+00
3.738333333333333286e+01,1.644609588929881811e+09,1.476354542069119313e-02,3.112028434897031737e+00,-1.557537715900674247e+00,3.112028434897031737e+00,-1.456123773048406012e+00,1.435821691013283719e-01,2.142845844302068148e+00
3.739999999999999858e+01,1.644609588946777344e+09,1.566360050280233424e-02,3.112028434897031737e+00,-1.391903636287332935e+00,3.112028434897031737e+00,-1.470776422589632704e+00,1.792269861160068478e-01,2.134555227492513030e+00
3.741666666666666430e+01,1.644609588965156317e+09,1.678262400714032598e-02,3.079978708482026928e+00,-1.762608481136238803e+00,3.079978708482026928e+00,-1.469352226567858910e+00,2.147305412744507647e-01,2.125895447032638774e+00
3.743333333333333002e+01,1.644609588982085705e+09,1.812559288278624975e-02,3.079978708482026928e+00,-1.951904572122914461e+00,3.079978708482026928e+00,-1.451719540971714517e+00,2.500933982870942596e-01,2.117670242811833692e+00
3.745000000000000284e+01,1.644609589000063181e+09,1.969521579533642375e-02,3.015879255652017310e+00,-1.944017234998469901e+00,3.015879255652017310e+00,-1.417900463807062694e+00,2.853161222914395445e-01,2.109080498671570769e+00
3.746666666666666856e+01,1.644609589017016888e+09,2.149183269340849967e-02,2.919730076407000219e+00,-2.149088000234034457e+00,2.919730076407000219e+00,-1.368072065588997521e+00,3.203904724638056423e-01,2.099867115346171431e+00
3.748333333333333428e+01,1.644609589033946276e+09,2.351333410565559223e-02,3.112028434897031737e+00,-1.754721144011794465e+00,3.112028434897031737e+00,-1.302566114879544656e+00,3.553481468643407415e-01,2.095067146279260939e+00
3.750000000000000000e+01,1.644609589050935268e+09,2.575510102934130269e-02,2.406934453766912174e+00,-2.022890606242917499e+00,2.406934453766912174e+00,-1.221867293866274018e+00,3.901402429834793795e-01,2.080026169491799415e+00
3.751666666666666572e+01,1.644609589067891598e+09,2.820996610534056565e-02,2.150536642446868374e+00,-2.259510719976262294e+00,2.150536642446868374e+00,-1.126609913815983521e+00,4.246614768266078199e-01,2.062570381125852226e+00
3.753333333333333144e+01,1.644609589084844589e+09,3.086819660179746655e-02,1.797989651881807038e+00,-2.567116867829608573e+00,1.797989651881807038e+00,-1.017573155017622355e+00,4.588605581111199205e-01,2.041378241455743314e+00
3.754999999999999716e+01,1.644609589101799011e+09,3.371749955156802536e-02,1.413392934901741116e+00,-2.464581485211826628e+00,1.413392934901741116e+00,-8.956748704013427487e-01,4.926730800981453662e-01,2.016194353877057921e+00
3.756666666666666288e+01,1.644609589118781090e+09,3.674304920766160304e-02,1.028796217921677636e+00,-2.409370125340713376e+00,1.028796217921677636e+00,-7.619640062449825058e-01,5.260346965574675959e-01,1.987279940945680501e+00
3.758333333333333570e+01,1.644609589137699366e+09,3.992753679840409242e-02,7.082989537716214423e-01,-2.440919473838491616e+00,7.082989537716214423e-01,-6.176117071123489177e-01,5.588940705772823536e-01,1.955932021036853596e+00
3.760000000000000142e+01,1.644609589151689529e+09,4.325124238079069983e-02,4.839508688665823399e-01,-2.409370125340713376e+00,4.839508688665823399e-01,-4.639011852729748586e-01,5.912255525601660677e-01,1.923934700447196722e+00
3.761666666666666714e+01,1.644609589170581818e+09,4.669212840842681955e-02,3.525469905650659153e-02,-2.377820776842933359e+00,3.525469905650659153e-02,-3.022164472048906037e-01,6.229885231902784204e-01,1.887722367347944630e+00
3.763333333333333286e+01,1.644609589188314915e+09,5.022595445070077158e-02,-3.172922915085532591e-01,-2.188524685856259033e+00,-3.172922915085532591e-01,-1.340299812489804676e-01,6.541274926332701911e-01,1.849061360025660683e+00
3.764999999999999858e+01,1.644609589205528736e+09,5.382641232401828846e-02,-7.980381877336351071e-01,-2.425144799589602052e+00,-7.980381877336351071e-01,3.911047903620978872e-02,6.845849652155477916e-01,1.805955092298425990e+00
3.766666666666666430e+01,1.644609589221544981e+09,5.746528072548712229e-02,-1.150585178298696221e+00,-2.472468822336271632e+00,-1.150585178298696221e+00,2.155959918960278499e-01,7.143056361624284811e-01,1.760651268244834089e+00
3.768333333333333002e+01,1.644609589239489794e+09,6.111259829561932477e-02,-1.567231621693767174e+00,-2.464581485211826628e+00,-1.567231621693767174e+00,3.937711126651505800e-01,7.432445629837948209e-01,1.712154666272990955e+00
3.770000000000000284e+01,1.644609589253828287e+09,6.473685388083806613e-02,-1.919778612258826955e+00,-2.945709049802959445e+00,-1.919778612258826955e+00,5.719491282945605715e-01,7.713578275506699500e-01,1.661577576973378045e+00
3.771666666666666856e+01,1.644609589272272348e+09,6.830519262013530490e-02,-2.368474782068903828e+00,-2.480356159460716192e+00,-2.368474782068903828e+00,7.484276765294395339e-01,7.985975275283080377e-01,1.607337091903415560e+00
3.773333333333333428e+01,1.644609589290205956e+09,7.178363634420671657e-02,-2.721021772633965163e+00,-2.866835678558512068e+00,-2.721021772633965163e+00,9.215046009803493643e-01,8.249159226492269736e-01,1.551026743921603002e+00
3.775000000000000000e+01,1.644609589307182550e+09,7.513731665098000168e-02,-2.977419583954007631e+00,-2.535567519331830333e+00,-2.977419583954007631e+00,1.089493890606933579e+00,8.502913785546799552e-01,1.494185859793698778e+00
3.776666666666666572e+01,1.644609589325125694e+09,7.833071890967782669e-02,-3.169717942444040926e+00,-1.873031200878466862e+00,-3.169717942444040926e+00,1.250741550882495723e+00,8.747230485446814141e-01,1.437771249944338248e+00
3.778333333333333144e+01,1.644609589340093613e+09,8.132793534733724627e-02,-3.233817395274051876e+00,-2.125425988860700333e+00,-3.233817395274051876e+00,1.403641254142864225e+00,8.982345321861534559e-01,1.383756830617346445e+00
3.779999999999999716e+01,1.644609589358989000e+09,8.409292528773573694e-02,-3.297916848104062826e+00,-2.180637348731813141e+00,-3.297916848104062826e+00,1.546649618347160082e+00,9.208641349422702627e-01,1.331939440698614474e+00
3.781666666666666288e+01,1.644609589375997543e+09,8.658978054388836998e-02,-3.297916848104062826e+00,-2.141200663109589897e+00,-3.297916848104062826e+00,1.678300966669248773e+00,9.426554553267463277e-01,1.283154522290224753e+00
3.783333333333333570e+01,1.644609589393942833e+09,8.878299391211634528e-02,-3.297916848104062826e+00,-2.212186697229592713e+00,-3.297916848104062826e+00,1.797221424977143212e+00,9.636568572880614969e-01,1.237141529943460938e+00
3.785000000000000142e+01,1.644609589408901453e+09,9.063772867843988834e-02,-3.265867121689058017e+00,-2.464581485211826628e+00,-3.265867121689058017e+00,1.902142220290627961e+00,9.839166498178648634e-01,1.194152989057017056e+00
3.786666666666666714e+01,1.644609589428486109e+09,9.212008702759320877e-02,-3.297916848104062826e+00,-2.567116867829608573e+00,-3.297916848104062826e+00,1.991912050684742086e+00,1.003473876594507042e+00,1.152829015656719580e+00
3.788333333333333286e+01,1.644609589443487406e+09,9.319737524079138580e-02,-3.265867121689058017e+00,-2.464581485211826628e+00,-3.265867121689058017e+00,2.065508405753941013e+00,1.022362670058458711e+00,1.113934243593849294e+00
3.789999999999999858e+01,1.644609589459435701e+09,9.383836358107359998e-02,-3.265867121689058017e+00,-2.740638284567394667e+00,-3.265867121689058017e+00,2.122047726585984506e+00,1.040616398725892067e+00,1.076616858341364669e+00
3.791666666666666430e+01,1.644609589476396084e+09,9.401353879453978879e-02,-3.297916848104062826e+00,-2.874723015682956184e+00,-3.297916848104062826e+00,2.160794305124062564e+00,1.058254250240878713e+00,1.040026964443377944e+00
3.793333333333333002e+01,1.644609589493564606e+09,9.369534720142548567e-02,-3.265867121689058017e+00,-2.306834742722930098e+00,-3.265867121689058017e+00,2.181167834711541520e+00,1.075294564731578140e+00,1.004908328503053117e+00
3.795000000000000284e+01,1.644609589512508631e+09,9.285842641306181477e-02,-3.297916848104062826e+00,-2.393595451091823811e+00,-3.297916848104062826e+00,2.182749536402523560e+00,1.091750210968013945e+00,9.698665604049250266e-01
3.796666666666666856e+01,1.644609589527472496e+09,9.147982378832922312e-02,-3.297916848104062826e+00,-2.306834742722930098e+00,-3.297916848104062826e+00,2.165286799158296915e+00,1.107624255760660592e+00,9.351153481298489778e-01
3.798333333333333428e+01,1.644609589544019938e+09,8.953919983604605171e-02,-3.297916848104062826e+00,-2.172750011607368581e+00,-3.297916848104062826e+00,2.128696286205182364e+00,1.122918859636928612e+00,9.003337348885996905e-01
3.800000000000000000e+01,1.644609589567249298e+09,8.701901487685970160e-02,-3.265867121689058017e+00,-2.653877576198502286e+00,-3.265867121689058017e+00,2.073065474462779445e+00,1.137635316981679967e+00,8.657372500900770707e-01
3.801666666666666572e+01,1.644609589580215216e+09,8.390469739906933344e-02,-3.297916848104062826e+00,-2.472468822336271632e+00,-3.297916848104062826e+00,1.998652608924883722e+00,1.151765240063876705e+00,8.299529230215607623e-01
3.803333333333333144e+01,1.644609589597189665e+09,8.018479267629727292e-02,-3.297916848104062826e+00,-3.269089871905196176e+00,-3.297916848104062826e+00,1.905885069038605550e+00,1.165290887145144172e+00,7.932267462892024223e-01
3.804999999999999716e+01,1.644609589614125013e+09,7.585109036003746807e-02,-3.297916848104062826e+00,-3.450498625767427274e+00,-3.297916848104062826e+00,1.795356159336737090e+00,1.178194237610569184e+00,7.552807176776554776e-01
3.806666666666666288e+01,1.644609589631087542e+09,7.089872991596987695e-02,-3.265867121689058017e+00,-3.135005140789634659e+00,-3.265867121689058017e+00,1.667820351683226399e+00,1.190457206805021872e+00,7.163836356497721436e-01
3.808333333333333570e+01,1.644609589648061752e+09,6.532628293788057816e-02,-3.297916848104062826e+00,-3.040357095296297718e+00,-3.297916848104062826e+00,1.524187021345737136e+00,1.202052998351928803e+00,6.752256803235598959e-01
3.810000000000000142e+01,1.644609589665013790e+09,5.913581154634403592e-02,-3.297916848104062826e+00,-2.985145735425184021e+00,-3.297916848104062826e+00,1.365512733569727244e+00,1.212946592562256898e+00,6.321253508709928637e-01
3.811666666666666714e+01,1.644609589684960604e+09,5.233290225917450189e-02,-3.297916848104062826e+00,-3.142892477914079663e+00,-3.297916848104062826e+00,1.192992151249919974e+00,1.223103972358472458e+00,5.868858927938748193e-01
3.813333333333333286e+01,1.644609589700918198e+09,4.492667490596007063e-02,-3.297916848104062826e+00,-2.125425988860700333e+00,-3.297916848104062826e+00,1.007947647545531122e+00,1.232488051244075455e+00,5.393356605656296487e-01
3.814999999999999858e+01,1.644609589718868494e+09,3.692976634828328691e-02,-3.297916848104062826e+00,-2.149088000234034457e+00,-3.297916848104062826e+00,8.118177197368113829e-01,1.241059104357516985e+00,4.893296219794004975e-01
3.816666666666666430e+01,1.644609589736799479e+09,2.835828895869458785e-02,-3.297916848104062826e+00,-2.488243496585160752e+00,-3.297916848104062826e+00,6.061443121455648564e-01,1.248775222639840976e+00,4.367506280977682676e-01
3.818333333333333002e+01,1.644609589753237963e+09,1.923176400437231690e-02,-3.297916848104062826e+00,-2.858948341434067064e+00,-3.297916848104062826e+00,3.925591664334647790e-01,1.255592786107442738e+00,3.815104366023231441e-01
3.820000000000000284e+01,1.644609589769196272e+09,9.573030273178691207e-03,-3.297916848104062826e+00,-3.024582421047407266e+00,-3.297916848104062826e+00,1.727693269485682248e-01,1.261466952037301414e+00,3.235504786532063526e-01
3.821666666666666856e+01,1.644609589787196636e+09,-5.918715299128157747e-04,-3.265867121689058017e+00,-3.119230466540745983e+00,-3.265867121689058017e+00,-5.145806308793410278e-02,1.266356580451529767e+00,2.633720971593614402e-01
3.823333333333333428e+01,1.644609589803145885e+09,-1.123383790179723757e-02,-3.233817395274051876e+00,-3.166554489287413343e+00,-3.233817395274051876e+00,-2.783115319405600752e-01,1.270224641318832948e+00,2.009685541718146951e-01
3.825000000000000000e+01,1.644609589822100639e+09,-2.232086427975346621e-02,-3.201767668859047067e+00,-3.016695083922962262e+00,-3.201767668859047067e+00,-5.059514682123841256e-01,1.273034247327459401e+00,1.363636292119976834e-01
3.826666666666666572e+01,1.644609589838482380e+09,-3.381822832864300049e-02,-3.201767668859047067e+00,-2.409370125340713376e+00,-3.201767668859047067e+00,-7.325265761189680980e-01,1.274744733184268508e+00,6.908157260555494728e-02
3.828333333333333144e+01,1.644609589855457067e+09,-4.568869353867634903e-02,-3.169717942444040926e+00,-2.322609416971820995e+00,-3.169717942444040926e+00,-9.561904425657733464e-01,1.275316678621569499e+00,-2.555125819095616091e-04
3.829999999999999716e+01,1.644609589873406172e+09,-5.789273173744099305e-02,-3.137668216029035673e+00,-3.048244432420742278e+00,-3.137668216029035673e+00,-1.175118060351739935e+00,1.274716771177613062e+00,-7.153537641096613386e-02
3.831666666666666288e+01,1.644609589890343666e+09,-7.038876297201376864e-02,-3.073568763199024723e+00,-3.237540523407417936e+00,-3.073568763199024723e+00,-1.387522152265788122e+00,1.272918227302781036e+00,-1.440883477938810220e-01
3.833333333333333570e+01,1.644609589908307791e+09,-8.313341108084436326e-02,-2.977419583954007631e+00,-3.529371997011875095e+00,-2.977419583954007631e+00,-1.591669142783980195e+00,1.269905571579262205e+00,-2.172271708493286324e-01
3.835000000000000142e+01,1.644609589925396919e+09,-9.608177315112495509e-02,-2.849220678293985731e+00,-3.947400864607448767e+00,-2.849220678293985731e+00,-1.785894627495200115e+00,1.265674917818176537e+00,-2.902484388513961178e-01
3.836666666666666714e+01,1.644609589942647934e+09,-1.091877009474943594e-01,-2.753071499048969972e+00,-4.294443698083021843e+00,-2.753071499048969972e+00,-1.968618195242761049e+00,1.260225370959956903e+00,-3.634937202313720528e-01
3.838333333333333286e+01,1.644609589958738804e+09,-1.224040923019829724e-01,-2.624872593388948072e+00,-4.034161572976342924e+00,-2.624872593388948072e+00,-2.138357464234844407e+00,1.253559448511171626e+00,-4.362149654096500462e-01
3.839999999999999858e+01,1.644609589977987528e+09,-1.356831903747763579e-01,-2.464623961313920919e+00,-3.608245368256322472e+00,-2.464623961313920919e+00,-2.293741200966252336e+00,1.245692221545857237e+00,-5.076538244823385337e-01
3.841666666666666430e+01,1.644609589992144108e+09,-1.489768886306215567e-01,-2.336425055653899019e+00,-3.560921345509653335e+00,-2.336425055653899019e+00,-2.433521399655282025e+00,1.236642614486220593e+00,-5.781033250111882182e-01
3.843333333333333002e+01,1.644609590011085749e+09,-1.622370393274496503e-01,-2.176176423578870978e+00,-3.852752819114112270e+00,-2.176176423578870978e+00,-2.556584209927526885e+00,1.226433715728863838e+00,-6.467737701456046651e-01
3.845000000000000284e+01,1.644609590025417328e+09,-1.754157632823209467e-01,-2.112076970748860028e+00,-3.852752819114112270e+00,-2.112076970748860028e+00,-2.661959611587478847e+00,1.215084093294098722e+00,-7.149914240831118928e-01
3.846666666666666856e+01,1.644609590043631315e+09,-1.884657586651335703e-01,-1.951828338673833096e+00,-3.671344065251881172e+00,-1.951828338673833096e+00,-2.748829747393554790e+00,1.202617067291294140e+00,-7.808686995147636756e-01
3.848333333333333428e+01,1.644609590059582233e+09,-2.013406065735154071e-01,-1.759529980183800024e+00,-3.829090807740777702e+00,-1.759529980183800024e+00,-2.816535837676978460e+00,1.189078394446368092e+00,-8.435977903008505807e-01
3.850000000000000000e+01,1.644609590076933384e+09,-2.139950711616719070e-01,-1.599281348108773093e+00,-3.844865481989667266e+00,-1.599281348108773093e+00,-2.864583614295213465e+00,1.174518398166467303e+00,-9.034355433943496161e-01
3.851666666666666572e+01,1.644609590093865156e+09,-2.263853921332720509e-01,-1.567231621693767174e+00,-3.860640156238556386e+00,-1.567231621693767174e+00,-2.892647225647334341e+00,1.158969921386190816e+00,-9.622183807364249608e-01
3.853333333333333144e+01,1.644609590109822750e+09,-2.384695674616198469e-01,-1.567231621693767174e+00,-4.152471629843013545e+00,-1.567231621693767174e+00,-2.900571579171763226e+00,1.142448755249374948e+00,-1.020160601280701407e+00
3.854999999999999716e+01,1.644609590131738901e+09,-2.502076242705402187e-01,-1.567231621693767174e+00,-4.325993046580800083e+00,-1.567231621693767174e+00,-2.888373102743458709e+00,1.124971573304885286e+00,-1.076943498076832206e+00
3.856666666666666288e+01,1.644609590149740219e+09,-2.615618758950275513e-01,-1.535181895278762143e+00,-4.294443698083021843e+00,-1.535181895278762143e+00,-2.856238921548700738e+00,1.106564717742510195e+00,-1.131726989461581567e+00
3.858333333333333570e+01,1.644609590162705898e+09,-2.724971632415379430e-01,-1.535181895278762143e+00,-4.696697891429704619e+00,-1.535181895278762143e+00,-2.804524462190167711e+00,1.087259513540485445e+00,-1.184750224550705555e+00
3.860000000000000142e+01,1.644609590179060221e+09,-2.829810786832302472e-01,-1.503132168863756002e+00,-4.775571262674153772e+00,-1.503132168863756002e+00,-2.733749510814964978e+00,1.067092114545132420e+00,-1.235197520216664513e+00
3.861666666666666714e+01,1.644609590197983980e+09,-2.929841708541812695e-01,-1.471082442448751193e+00,-5.051628062029723587e+00,-1.471082442448751193e+00,-2.644592766819178209e+00,1.046107636192500800e+00,-1.282807628685165069e+00
3.863333333333333286e+01,1.644609590214941502e+09,-3.024801288479067596e-01,-1.471082442448751193e+00,-4.941205342287495306e+00,-1.471082442448751193e+00,-2.537884948019283549e+00,1.024350970501175517e+00,-1.327867086168306843e+00
3.864999999999999858e+01,1.644609590230921745e+09,-3.114459444783273523e-01,-1.471082442448751193e+00,-4.878106645291935273e+00,-1.471082442448751193e+00,-2.414600516953957943e+00,1.001866565593682923e+00,-1.370144063917525967e+00
3.866666666666666430e+01,1.644609590249873638e+09,-3.198620514243270541e-01,-1.439032716033745052e+00,-5.154163444647504200e+00,-1.439032716033745052e+00,-2.275848111057754419e+00,9.787069749833717802e-01,-1.408899153758739864e+00
3.868333333333333002e+01,1.644609590265563250e+09,-3.277124402511099044e-01,-1.439032716033745052e+00,-5.430220244003071350e+00,-1.439032716033745052e+00,-2.122859771701279374e+00,9.549279499071556820e-01,-1.444485003478107377e+00
3.870000000000000284e+01,1.644609590284507275e+09,-3.349847484812555898e-01,-1.406982989618740243e+00,-5.785150414603089430e+00,-1.406982989618740243e+00,-1.956979078403655148e+00,9.305880807192685733e-01,-1.476211168757260328e+00
3.871666666666666856e+01,1.644609590298760414e+09,-3.416703250744019815e-01,-1.374933263203734102e+00,-5.990221179838652432e+00,-1.374933263203734102e+00,-1.779648304784760438e+00,9.057527438829806599e-01,-1.503952191387447179e+00
3.873333333333333428e+01,1.644609590317502022e+09,-3.477642688654365433e-01,-1.342883536788729293e+00,-5.587966986491969656e+00,-1.342883536788729293e+00,-1.592394721933901192e+00,8.804891785559123552e-01,-1.527609930372422653e+00
3.875000000000000000e+01,1.644609590334484100e+09,-3.532654407052452927e-01,-1.310833810373723152e+00,-5.785150414603089430e+00,-1.310833810373723152e+00,-1.396816182743788382e+00,8.548660253274329435e-01,-1.547114277029235208e+00
3.876666666666666572e+01,1.644609590350585699e+09,-3.581764492443560988e-01,-1.278784083958718121e+00,-5.122614096149726848e+00,-1.278784083958718121e+00,-1.194566127319728555e+00,8.289528552075421386e-01,-1.562423610430651921e+00
3.878333333333333144e+01,1.644609590370263815e+09,-3.625036104963571537e-01,-1.278784083958718121e+00,-4.870219308167492933e+00,-1.278784083958718121e+00,-9.873381547579040962e-01,8.028152664947003636e-01,-1.574054725696420576e+00
3.879999999999999716e+01,1.644609590387193918e+09,-3.662568815133193656e-01,-1.214684631128707171e+00,-4.436415766323027476e+00,-1.214684631128707171e+00,-7.768503103457664594e-01,7.765233584907128561e-01,-1.580955066717007584e+00
3.881666666666666288e+01,1.644609590403650522e+09,-3.694497686983854723e-01,-1.214684631128707171e+00,-4.318105709456355079e+00,-1.214684631128707171e+00,-5.648292395409841848e-01,7.501466823376856663e-01,-1.584236955075141839e+00
3.883333333333333570e+01,1.644609590422575712e+09,-3.720992114692366348e-01,-1.214684631128707171e+00,-3.458385962891872278e+00,-1.214684631128707171e+00,-3.529943609066796828e-01,7.237450200805503053e-01,-1.583963276018596211e+00
3.885000000000000142e+01,1.644609590438561201e+09,-3.742254421692808863e-01,-1.118535451883690079e+00,-3.868527493363001390e+00,-1.118535451883690079e+00,-1.430422095185475140e-01,6.973901602088590224e-01,-1.578634710503608929e+00
3.886666666666666714e+01,1.644609590456531048e+09,-3.758518232995761710e-01,-1.118535451883690079e+00,-3.695006076625214853e+00,-1.118535451883690079e+00,6.336889977913506833e-02,6.711518833836991327e-01,-1.569982542880191678e+00
3.888333333333333286e+01,1.644609590474093199e+09,-3.770046633121068580e-01,-1.118535451883690079e+00,-3.576696019758544676e+00,-1.118535451883690079e+00,2.646337434851986359e-01,6.450844131111915791e-01,-1.558146767747659034e+00
3.889999999999999858e+01,1.644609590490030289e+09,-3.777130123633866132e-01,-1.118535451883690079e+00,-3.750217436496329437e+00,-1.118535451883690079e+00,4.592144541421669945e-01,6.192394465792386837e-01,-1.543290484511398164e+00
3.891666666666666430e+01,1.644609590505987406e+09,-3.780084395744159331e-01,-1.118535451883690079e+00,-3.261202534780752060e+00,-1.118535451883690079e+00,6.456540442211723407e-01,5.936657839398463699e-01,-1.525598178666381255e+00
3.893333333333333002e+01,1.644609590523035765e+09,-3.779247934785465168e-01,-1.118535451883690079e+00,-3.316413894651865757e+00,-1.118535451883690079e+00,8.225890624564591302e-01,5.684089877474305386e-01,-1.505273822297752639e+00
3.895000000000000284e+01,1.644609590539990425e+09,-3.774979474610110630e-01,-1.118535451883690079e+00,-3.411061940145202698e+00,-1.118535451883690079e+00,9.887612647874344241e-01,5.435110754050833659e-01,-1.482538813073676520e+00
3.896666666666666856e+01,1.644609590557964802e+09,-3.767655321022396198e-01,-1.118535451883690079e+00,-3.253315197656307500e+00,-1.118535451883690079e+00,1.143028192093901163e+00,5.190102471372937121e-01,-1.457629772469049900e+00
3.898333333333333428e+01,1.644609590572902918e+09,-3.757666564308094759e-01,-1.118535451883690079e+00,-2.787962307314063803e+00,-1.118535451883690079e+00,1.284372557963812334e+00,4.949406516514712751e-01,-1.430796225215225537e+00
3.900000000000000000e+01,1.644609590593812466e+09,-3.745416201699109382e-01,-1.118535451883690079e+00,-2.377820776842933359e+00,-1.118535451883690079e+00,1.411910361717400253e+00,4.713321912753688503e-01,-1.402298183008561239e+00
3.901666666666666572e+01,1.644609590608820677e+09,-3.731316191233653989e-01,-1.086485725468685271e+00,-2.164862674482924021e+00,-1.086485725468685271e+00,1.524897654688202264e+00,4.482147946910550740e-01,-1.371873920937255464e+00
3.903333333333333144e+01,1.644609590628727198e+09,-3.715784458928186873e-01,-1.118535451883690079e+00,-2.172750011607368581e+00,-1.118535451883690079e+00,1.622735901221106447e+00,4.256093536702302282e-01,-1.340865139094140401e+00
3.904999999999999716e+01,1.644609590644702673e+09,-3.699241881464090387e-01,-1.086485725468685271e+00,-1.951904572122914461e+00,-1.086485725468685271e+00,1.704975889844305259e+00,4.035322284841716400e-01,-1.308479844501821532e+00
3.906666666666666288e+01,1.644609590661631346e+09,-3.682109266709897022e-01,-1.054435999053679129e+00,-2.093876640362920760e+00,-1.054435999053679129e+00,1.771320164471692715e+00,3.820039753634563717e-01,-1.275003521957472685e+00
3.908333333333333570e+01,1.644609590677624226e+09,-3.664804354344365356e-01,-1.022386272638674320e+00,-1.754721144011794465e+00,-1.022386272638674320e+00,1.821623960152511490e+00,3.610404118950039654e-01,-1.240719330363789563e+00
3.910000000000000142e+01,1.644609590694568157e+09,-3.647738858622332492e-01,-9.262370933936571182e-01,-1.731059132638460563e+00,-9.262370933936571182e-01,1.855894642659493776e+00,3.406615299265107755e-01,-1.204846155907532523e+00
3.911666666666666714e+01,1.644609590711534500e+09,-3.631315574930704115e-01,-8.300879141486412482e-01,-1.770495818260683585e+00,-8.300879141486412482e-01,1.874289665948252859e+00,3.208914002806078636e-01,-1.167672663731636140e+00
3.913333333333333286e+01,1.644609590728502512e+09,-3.615925571224252177e-01,-7.980381877336351071e-01,-1.447114996158446631e+00,-7.980381877336351071e-01,1.877113076088225530e+00,3.017405111113704019e-01,-1.130537193089822257e+00
3.914999999999999858e+01,1.644609590747427464e+09,-3.601945484712571477e-01,-7.659884613186302982e-01,-1.076410151309541874e+00,-7.659884613186302982e-01,1.864810604508811753e+00,2.832061447837864732e-01,-1.093689124375735178e+00
3.916666666666666430e+01,1.644609590761562109e+09,-3.589734943294221048e-01,-7.659884613186302982e-01,-1.249931568047326635e+00,-7.659884613186302982e-01,1.837963407189463716e+00,2.652771153128439807e-01,-1.057893845806945565e+00
3.918333333333333002e+01,1.644609590780182838e+09,-3.579634130214154886e-01,-7.659884613186302982e-01,-1.123734174056209456e+00,-7.659884613186302982e-01,1.797280519608918326e+00,2.479341106155790453e-01,-1.023362640138175905e+00
3.920000000000000284e+01,1.644609590797135115e+09,-3.571961509259308221e-01,-7.659884613186302982e-01,-1.139508848305100353e+00,-7.659884613186302982e-01,1.743590109731734561e+00,2.311544407992343619e-01,-9.902896095149461564e-01
3.921666666666666856e+01,1.644609590815041304e+09,-3.567011726516334802e-01,-7.659884613186302982e-01,-1.178945533927323375e+00,-7.659884613186302982e-01,1.677829622921175323e+00,2.149123372252004782e-01,-9.588501532475365297e-01
3.923333333333333428e+01,1.644609590830462933e+09,-3.565053703303930344e-01,-7.659884613186302982e-01,-1.533875704527340345e+00,-7.659884613186302982e-01,1.601034923321731362e+00,1.991792752333426952e-01,-9.291996502222936716e-01
3.925000000000000000e+01,1.644609590849392176e+09,-3.566328933374204868e-01,-7.659884613186302982e-01,-1.470777007531781866e+00,-7.659884613186302982e-01,1.514328545838310669e+00,1.839243170215110190e-01,-9.014723572684673059e-01
3.926666666666666572e+01,1.644609590864103317e+09,-3.571049995858925352e-01,-7.659884613186302982e-01,-1.344579613540664909e+00,-7.659884613186302982e-01,1.418907181265681272e+00,1.691144710048846089e-01,-8.757805325860567036e-01
3.928333333333333144e+01,1.644609590884179592e+09,-3.579399293739364274e-01,-7.659884613186302982e-01,-2.085989303238476200e+00,-7.659884613186302982e-01,1.316028524310154824e+00,1.547150638472215844e-01,-8.522137910452015630e-01
3.929999999999999716e+01,1.644609590902236223e+09,-3.591528025845145966e-01,-7.018890084886192371e-01,-2.369933439718488799e+00,-7.018890084886192371e-01,1.206997620118966275e+00,1.406989747106572319e-01,-8.297792250481313969e-01
3.931666666666666288e+01,1.644609590917174816e+09,-3.607555398562935500e-01,-6.377895556586082870e-01,-2.448806810962937952e+00,-6.377895556586082870e-01,1.093152849444740005e+00,1.270468254858055368e-01,-8.085376875935108565e-01
3.933333333333333570e+01,1.644609590934935093e+09,-3.627568081565260560e-01,-5.736901028285972259e-01,-3.016695083922962262e+00,-5.736901028285972259e-01,9.758516956736177361e-01,1.137384197479652526e-01,-7.885265886415868675e-01
3.935000000000000142e+01,1.644609590949773312e+09,-3.651619909973960465e-01,-4.775409235835813559e-01,-3.600358031131878356e+00,-4.775409235835813559e-01,8.564564386097168747e-01,1.007575576231507092e-01,-7.692304679330034256e-01
3.936666666666666714e+01,1.644609590968796492e+09,-3.679731833464792712e-01,-4.454911971685752703e-01,-3.482047974265205958e+00,-4.454911971685752703e-01,7.363199201221759527e-01,8.808346572865158319e-02,-7.517092306559443049e-01
3.938333333333333286e+01,1.644609590984224081e+09,-3.711892110911471088e-01,-4.454911971685752703e-01,-3.450498625767427274e+00,-4.454911971685752703e-01,6.167715255224146542e-01,7.568246232948813712e-02,-7.364535551175501737e-01
3.939999999999999858e+01,1.644609591002521276e+09,-3.748056747281087731e-01,-4.454911971685752703e-01,-3.087681118042965966e+00,-4.454911971685752703e-01,4.991035218658305128e-01,6.351736070440243409e-02,-7.233949147475102759e-01
3.941666666666666430e+01,1.644609591018480301e+09,-3.788150167633799192e-01,-4.454911971685752703e-01,-2.922047038429625321e+00,-4.454911971685752703e-01,3.845578902893447282e-01,5.155227831977195890e-02,-7.124453874775336093e-01
3.943333333333333002e+01,1.644609591035500526e+09,-3.832066121271581194e-01,-4.454911971685752703e-01,-3.631907379629658372e+00,-4.454911971685752703e-01,2.743137840495557533e-01,3.975294873117525551e-02,-7.034990147742539168e-01
3.945000000000000284e+01,1.644609591051590204e+09,-3.879668807330622915e-01,-4.775409235835813559e-01,-3.647682053878547492e+00,-4.775409235835813559e-01,1.694757371715900351e-01,2.808258266928784219e-02,-6.969630684858997283e-01
3.946666666666666856e+01,1.644609591067900896e+09,-3.930794211437568242e-01,-5.416403764135924170e-01,-2.803736981562953368e+00,-5.416403764135924170e-01,7.106274062559281290e-02,1.649779999678022482e-02,-6.932212464098587157e-01
3.948333333333333428e+01,1.644609591084868670e+09,-3.985251641462372874e-01,-6.377895556586082870e-01,-2.614440890576277710e+00,-6.377895556586082870e-01,-2.000170620394170484e-02,4.949006163760129307e-03,-6.926356402745478258e-01
3.950000000000000000e+01,1.644609591099786997e+09,-4.042825448913199282e-01,-7.659884613186302982e-01,-2.622328227700722714e+00,-7.659884613186302982e-01,-1.028984712057319229e-01,-6.619265090578863031e-03,-6.955488178956148460e-01
3.951666666666666572e+01,1.644609591118144512e+09,-4.103276921141249534e-01,-8.941873669786521983e-01,-2.196412022980703593e+00,-8.941873669786521983e-01,-1.769205060105039085e-01,-1.826361779292177967e-02,-7.017562630764245801e-01
3.953333333333333144e+01,1.644609591135265112e+09,-4.166346328270288391e-01,-1.086485725468685271e+00,-1.667960435642902084e+00,-1.086485725468685271e+00,-2.414793288888072986e-01,-3.004604778157407563e-02,-7.121065839937305020e-01
3.954999999999999716e+01,1.644609591152915716e+09,-4.231755107640797764e-01,-1.310833810373723152e+00,-1.849369189505131184e+00,-1.310833810373723152e+00,-2.961102124745456088e-01,-4.203808624168894198e-02,-7.268969459144201117e-01
3.956666666666666288e+01,1.644609591170224190e+09,-4.299208167575586659e-01,-1.503132168863756002e+00,-1.115846836931764896e+00,-1.503132168863756002e+00,-3.404760280563141617e-01,-5.430727605545825065e-02,-7.453545593826519378e-01
3.958333333333333570e+01,1.644609591190163374e+09,-4.368396291438037538e-01,-1.663380800938784265e+00,-1.328804939291774234e+00,-1.663380800938784265e+00,-3.743697119883311331e-01,-6.690835841914102855e-02,-7.667159855677544433e-01
3.960000000000000142e+01,1.644609591207139254e+09,-4.438998622270806660e-01,-1.791579706598805055e+00,-1.423452984785112729e+00,-1.791579706598805055e+00,-3.977153339052674763e-01,-7.988344550749737483e-02,-7.902291491544659596e-01
3.961666666666666714e+01,1.644609591222856522e+09,-4.510685207779603356e-01,-1.855679159428816005e+00,-1.762608481136238803e+00,-1.855679159428816005e+00,-4.105677607401905238e-01,-9.325779963776134607e-02,-8.146255770270187657e-01
3.963333333333333286e+01,1.644609591240830660e+09,-4.583119585064143742e-01,-1.887728885843822146e+00,-1.920355223625134666e+00,-1.887728885843822146e+00,-4.131109248983815263e-01,-1.070401692397504878e-01,-8.391905376040663667e-01
3.964999999999999858e+01,1.644609591259801388e+09,-4.655961384302818584e-01,-1.887728885843822146e+00,-1.809932503882908161e+00,-1.887728885843822146e+00,-4.056547191860200297e-01,-1.212275320718915611e-01,-8.632262348557560028e-01
3.966666666666666430e+01,1.644609591274561882e+09,-4.728868930565950368e-01,-1.887728885843822146e+00,-1.431340321909557289e+00,-1.887728885843822146e+00,-3.886305550918534024e-01,-1.358098186496906890e-01,-8.865832722935514942e-01
3.968333333333333002e+01,1.644609591291529655e+09,-4.801501823067816921e-01,-1.919778612258826955e+00,-1.873031200878466862e+00,-1.919778612258826955e+00,-3.625856346286215892e-01,-1.507789924859152808e-01,-9.096535025721177448e-01
3.970000000000000284e+01,1.644609591306539774e+09,-4.873523471468013679e-01,-1.887728885843822146e+00,-2.440919473838491616e+00,-1.887728885843822146e+00,-3.281759990246855274e-01,-1.661203042881551628e-01,-9.312439388510196370e-01
3.971666666666666856e+01,1.644609591325465202e+09,-4.944603569292314593e-01,-1.887728885843822146e+00,-2.322609416971820995e+00,-1.887728885843822146e+00,-2.861584299832916622e-01,-1.818126711256100037e-01,-9.517830272773499800e-01
3.973333333333333428e+01,1.644609591342421293e+09,-5.014420485163469943e-01,-1.887728885843822146e+00,-2.164862674482924021e+00,-1.887728885843822146e+00,-2.373812908742236605e-01,-1.978377821115696877e-01,-9.711764192366910686e-01
3.975000000000000000e+01,1.644609591361345291e+09,-5.082663553301852710e-01,-1.887728885843822146e+00,-2.149088000234034457e+00,-1.887728885843822146e+00,-1.827744059690985523e-01,-2.141758953416872113e-01,-9.893466942034555567e-01
3.976666666666666572e+01,1.644609591376358986e+09,-5.149035245673626582e-01,-1.919778612258826955e+00,-2.693314261820725530e+00,-1.919778612258826955e+00,-1.233380855781101015e-01,-2.308105541504475444e-01,-1.006763980358644117e+00
3.978333333333333144e+01,1.644609591393730640e+09,-5.213253209217849626e-01,-1.887728885843822146e+00,-2.693314261820725530e+00,-1.887728885843822146e+00,-6.013141358594337182e-02,-2.477199385162616729e-01,-1.022318934316659433e+00
3.979999999999999716e+01,1.644609591412057877e+09,-5.275052152768712199e-01,-1.919778612258826955e+00,-2.653877576198502286e+00,-1.919778612258826955e+00,5.740078662139325161e-03,-2.648817521775342909e-01,-1.037057762881998357e+00
3.981666666666666288e+01,1.644609591430038929e+09,-5.334185569591953779e-01,-1.919778612258826955e+00,-2.141200663109589897e+00,-1.919778612258826955e+00,7.313722198224900661e-02,-2.822778683201422334e-01,-1.050439003244000080e+00
3.983333333333333570e+01,1.644609591449367285e+09,-5.390427282867364944e-01,-1.919778612258826955e+00,-2.362046102594043795e+00,-1.919778612258826955e+00,1.409003674758742553e-01,-2.998857974323871356e-01,-1.062479044878137824e+00
3.985000000000000142e+01,1.644609591465676308e+09,-5.443572802958439594e-01,-1.919778612258826955e+00,-2.275285394225151414e+00,-1.919778612258826955e+00,2.078627546567988205e-01,-3.176834820503131041e-01,-1.073213291220245669e+00
3.986666666666666714e+01,1.644609591483724594e+09,-5.493440486905678544e-01,-1.919778612258826955e+00,-2.188524685856259033e+00,-1.919778612258826955e+00,2.728639489984903133e-01,-3.356496101570838331e-01,-1.082695740834480613e+00
3.988333333333333286e+01,1.644609591499673367e+09,-5.539872492245502267e-01,-1.983878065088837905e+00,-1.833594515256242286e+00,-1.983878065088837905e+00,3.347632076634926013e-01,-3.537727732620021825e-01,-1.092057825353317968e+00
3.989999999999999858e+01,1.644609591520623207e+09,-5.582735518982541167e-01,-1.983878065088837905e+00,-1.486551681780671208e+00,-1.983878065088837905e+00,3.924526329552775472e-01,-3.720427099209093758e-01,-1.100311645896636881e+00
3.991666666666666430e+01,1.644609591535561323e+09,-5.621921335312694001e-01,-1.983878065088837905e+00,-1.628523750020677507e+00,-1.983878065088837905e+00,4.448699752395003371e-01,-3.904418303242556121e-01,-1.107562660324112880e+00
3.993333333333333002e+01,1.644609591552541494e+09,-5.657347084492987399e-01,-1.983878065088837905e+00,-1.762608481136238803e+00,-1.983878065088837905e+00,4.910109506916391364e-01,-4.089544264397765305e-01,-1.113931182781878526e+00
3.995000000000000284e+01,1.644609591568500519e+09,-5.688955372070728655e-01,-1.983878065088837905e+00,-1.936129897874025119e+00,-1.983878065088837905e+00,5.299409442059764830e-01,-4.275669079426315244e-01,-1.119550986627071198e+00
3.996666666666666856e+01,1.644609591584802628e+09,-5.716714134499354394e-01,-2.015927791503844269e+00,-2.085989303238476200e+00,-2.015927791503844269e+00,5.608059740978988961e-01,-4.462724402636700782e-01,-1.125097484596131681e+00
3.998333333333333428e+01,1.644609591602679968e+09,-5.740616291971977203e-01,-1.983878065088837905e+00,-2.267398057100706854e+00,-1.983878065088837905e+00,5.828428027818759460e-01,-4.650621776704813581e-01,-1.129658334894436456e+00
4.000000000000000000e+01,1.644609591621632576e+09,-5.760679190076331002e-01,-2.015927791503844269e+00,-2.377820776842933359e+00,-2.015927791503844269e+00,5.953880863374471089e-01,-4.839299932653920444e-01,-1.134466181052299127e+00
4.001666666666666572e+01,1.644609591636619568e+09,-5.776943836608124938e-01,-2.015927791503844269e+00,-2.630215564825166830e+00,-2.015927791503844269e+00,5.978864656955980017e-01,-5.028769304900865267e-01,-1.139153265924408798e+00
4.003333333333333144e+01,1.644609591654814720e+09,-5.789473941553489045e-01,-1.983878065088837905e+00,-2.401482788216268371e+00,-1.983878065088837905e+00,5.898975129918517801e-01,-5.218980151274109636e-01,-1.143365190488700778e+00
4.004999999999999716e+01,1.644609591671770096e+09,-5.798354769857898550e-01,-1.983878065088837905e+00,-1.904580549376245324e+00,-1.983878065088837905e+00,5.711014583292879365e-01,-5.409913128747998456e-01,-1.147818169520637754e+00
4.006666666666666288e+01,1.644609591690698385e+09,-5.803691818120151336e-01,-2.015927791503844269e+00,-2.046552617616251624e+00,-2.015927791503844269e+00,5.413036346579627178e-01,-5.601667543061799037e-01,-1.153219797370022448e+00
4.008333333333333570e+01,1.644609591705894947e+09,-5.805609327778937789e-01,-1.983878065088837905e+00,-2.283172731349596418e+00,-1.983878065088837905e+00,5.004375915824286203e-01,-5.794326945069054879e-01,-1.158677865061070289e+00
4.010000000000000142e+01,1.644609591722871542e+09,-5.804248648679772860e-01,-1.983878065088837905e+00,-1.967679246371803581e+00,-1.983878065088837905e+00,4.485668425233715340e-01,-5.987960130451910334e-01,-1.164903066898875794e+00
4.011666666666666714e+01,1.644609591738932848e+09,-5.799766468115020723e-01,-2.015927791503844269e+00,-2.212186697229592713e+00,-2.015927791503844269e+00,3.858852236470926567e-01,-6.182753094601357580e-01,-1.172591146614876845e+00
4.013333333333333286e+01,1.644609591756427526e+09,-5.792332921506939680e-01,-1.983878065088837905e+00,-2.456694148087382068e+00,-1.983878065088837905e+00,3.127158571967150191e-01,-6.378873581208065469e-01,-1.180831801419074623e+00
4.014999999999999858e+01,1.644609591772383451e+09,-5.782129601846819345e-01,-1.983878065088837905e+00,-2.677539587571836410e+00,-1.983878065088837905e+00,2.295087261681800772e-01,-6.576471054353162371e-01,-1.190311543086575830e+00
4.016666666666666430e+01,1.644609591789342642e+09,-5.769347485802950315e-01,-1.983878065088837905e+00,-2.227961371478482278e+00,-1.983878065088837905e+00,1.368368815295946117e-01,-6.775763389790571134e-01,-1.201166329268822386e+00
4.018333333333333002e+01,1.644609591805301189e+09,-5.754184795061024760e-01,-1.919778612258826955e+00,-2.480356159460716192e+00,-1.919778612258826955e+00,3.539131723944799468e-02,-6.976901446209011759e-01,-1.212458978543967891e+00
4.020000000000000284e+01,1.644609591822273493e+09,-5.736844811958264900e-01,-1.887728885843822146e+00,-2.338384091220709671e+00,-1.887728885843822146e+00,-7.402543796193006287e-02,-7.180012873102650239e-01,-1.224843741251366636e+00
4.021666666666666856e+01,1.644609591841199398e+09,-5.717533668810197423e-01,-1.791579706598805055e+00,-1.944017234998469901e+00,-1.791579706598805055e+00,-1.905069497736520123e-01,-7.385199404337333684e-01,-1.237359865734105835e+00
4.023333333333333428e+01,1.644609591858175993e+09,-5.696458130508692541e-01,-1.791579706598805055e+00,-1.888805875127355760e+00,-1.791579706598805055e+00,-3.130516537233942742e-01,-7.592623928342111528e-01,-1.251694602672331458e+00
4.025000000000000000e+01,1.644609591876114607e+09,-5.673823389985197529e-01,-1.727480253768793883e+00,-1.809932503882908161e+00,-1.727480253768793883e+00,-4.405726899897518534e-01,-7.802505374167238994e-01,-1.266840673819127794e+00
4.026666666666666572e+01,1.644609591892064810e+09,-5.649830895988334767e-01,-1.663380800938784265e+00,-1.951904572122914461e+00,-1.663380800938784265e+00,-5.719086998888777140e-01,-8.014983112822571254e-01,-1.282847724967388858e+00
4.028333333333333144e+01,1.644609591909269094e+09,-5.624676232317749047e-01,-1.631331074523778124e+00,-2.022890606242917499e+00,-1.631331074523778124e+00,-7.058354761955251133e-01,-8.230247297406678708e-01,-1.300274082354299754e+00
4.029999999999999716e+01,1.644609591929233789e+09,-5.598547067193349047e-01,-1.567231621693767174e+00,-1.873031200878466862e+00,-1.567231621693767174e+00,-8.410783504777262776e-01,-8.448490069165524030e-01,-1.318588304714606751e+00
4.031666666666666288e+01,1.644609591944089890e+09,-5.571621190818611957e-01,-1.471082442448751193e+00,-1.865143863754022080e+00,-1.471082442448751193e+00,-9.763251927994542889e-01,-8.669813917509774370e-01,-1.337246047134318383e+00
4.033333333333333570e+01,1.644609591960779667e+09,-5.544064658430588599e-01,-1.374933263203734102e+00,-2.243736045727371398e+00,-1.374933263203734102e+00,-1.110239892561722064e+00,-8.894273781349094632e-01,-1.356219613346477226e+00
4.035000000000000142e+01,1.644609591976629496e+09,-5.516030055218067440e-01,-1.310833810373723152e+00,-2.125425988860700333e+00,-1.310833810373723152e+00,-1.241476183982293202e+00,-9.121962429575903863e-01,-1.375989248429729805e+00
4.036666666666666714e+01,1.644609591993587017e+09,-5.487654898442938523e-01,-1.214684631128707171e+00,-1.802045166758463379e+00,-1.214684631128707171e+00,-1.368691675808624497e+00,-9.352961620010583621e-01,-1.395945601168550709e+00
4.038333333333333286e+01,1.644609592010801792e+09,-5.459060190928323175e-01,-1.182634904713701030e+00,-1.888805875127355760e+00,-1.182634904713701030e+00,-1.490561942360977499e+00,-9.587383365999303519e-01,-1.417056707354256817e+00
4.039999999999999858e+01,1.644609592027776957e+09,-5.430349138785814933e-01,-1.086485725468685271e+00,-2.109651314611809880e+00,-1.086485725468685271e+00,-1.605794531934069846e+00,-9.825320829022005098e-01,-1.438134298675366018e+00
4.041666666666666430e+01,1.644609592045707464e+09,-5.401606044858093814e-01,-9.903365462236681793e-01,-2.125425988860700333e+00,-9.903365462236681793e-01,-1.713142748972006579e+00,-1.006675757962413265e+00,-1.459048611868414502e+00
4.043333333333333002e+01,1.644609592062661409e+09,-5.372895387860731065e-01,-8.941873669786521983e-01,-2.141200663109589897e+00,-8.941873669786521983e-01,-1.811419068251413744e+00,-1.031165410015445927e+00,-1.479652400402549528e+00
4.045000000000000284e+01,1.644609592081611156e+09,-5.344261095631672731e-01,-7.980381877336351071e-01,-2.638102901949611834e+00,-7.980381877336351071e-01,-1.899508042566204313e+00,-1.055994499458967839e+00,-1.499782414797358410e+00
4.046666666666666856e+01,1.644609592096109867e+09,-5.315726019250954781e-01,-7.018890084886192371e-01,-2.298947405598485094e+00,-7.018890084886192371e-01,-1.976378570055888240e+00,-1.081153645997770640e+00,-1.519261061234297383e+00
4.048333333333333428e+01,1.644609592113383770e+09,-5.287291613090094877e-01,-5.736901028285972259e-01,-2.030777943367362059e+00,-5.736901028285972259e-01,-2.041095393327114316e+00,-1.106625978066595462e+00,-1.537368487434734421e+00
4.050000000000000000e+01,1.644609592129757404e+09,-5.258937824104868985e-01,-4.775409235835813559e-01,-1.873031200878466862e+00,-4.775409235835813559e-01,-2.092829709817942696e+00,-1.132391464962346994e+00,-1.554442511095674995e+00
4.051666666666666572e+01,1.644609592147734642e+09,-5.230623191909344882e-01,-3.813917443385642647e-01,-2.046552617616251624e+00,-3.813917443385642647e-01,-2.130868781381400012e+00,-1.158431134449378508e+00,-1.570273850370643043e+00
4.053333333333333144e+01,1.644609592165308475e+09,-5.202285159380026780e-01,-2.531928386785423091e-01,-1.589087064398452931e+00,-2.531928386785423091e-01,-2.154624440731316426e+00,-1.184718047205218117e+00,-1.584117225604967594e+00
4.054999999999999716e+01,1.644609592182250500e+09,-5.173840591748600781e-01,-1.570436594335263836e-01,-1.817819841007352943e+00,-1.570436594335263836e-01,-2.163640403110627553e+00,-1.211221735944344680e+00,-1.596291604574910261e+00
4.056666666666666288e+01,1.644609592201192379e+09,-5.145186500366633053e-01,-6.089448018850930622e-02,-1.644298424269566627e+00,-6.089448018850930622e-02,-2.157598303196398781e+00,-1.237912534757870997e+00,-1.606575685484465943e+00
4.058333333333333570e+01,1.644609592215554476e+09,-5.116200965580040005e-01,9.935415188651879059e-02,-1.959791909247359243e+00,9.935415188651879059e-02,-2.136322389743330330e+00,-1.264748242216699348e+00,-1.613689448656584480e+00
4.060000000000000142e+01,1.644609592234840631e+09,-5.086744251447080645e-01,1.955033311315334810e-01,-2.141200663109589897e+00,1.955033311315334810e-01,-2.099782823655440556e+00,-1.291683202802830666e+00,-1.618492479612518187e+00
4.061666666666666714e+01,1.644609592250097752e+09,-5.056660103388871397e-01,3.237022367915554644e-01,-2.109651314611809880e+00,3.237022367915554644e-01,-2.048097538939042117e+00,-1.318672704813730334e+00,-1.620242899304076722e+00
4.063333333333333286e+01,1.644609592268318415e+09,-5.025777218285469861e-01,3.878016896215676357e-01,-1.951904572122914461e+00,3.878016896215676357e-01,-1.981532640193666150e+00,-1.345673091291877288e+00,-1.619804695335464562e+00
4.064999999999999858e+01,1.644609592284246206e+09,-4.993910875039684893e-01,4.839508688665823399e-01,-1.825707178131797503e+00,4.839508688665823399e-01,-1.900501324797865710e+00,-1.372641762637170526e+00,-1.616445198255692661e+00
4.066666666666666430e+01,1.644609592301201582e+09,-4.960864712233404861e-01,5.801000481115994312e-01,-1.557537715900674247e+00,5.801000481115994312e-01,-1.805561332602202862e+00,-1.399528513048173162e+00,-1.609982802586200190e+00
4.068333333333333002e+01,1.644609592317594767e+09,-4.926432638214000015e-01,6.762492273566165224e-01,-1.478664344656226426e+00,6.762492273566165224e-01,-1.697410940606494112e+00,-1.426280231495279160e+00,-1.600250446026592055e+00
4.070000000000000284e+01,1.644609592334573984e+09,-4.890400857776180388e-01,7.723984066016336136e-01,-1.494439018905115768e+00,7.723984066016336136e-01,-1.576883534627788297e+00,-1.452841160759602790e+00,-1.587097602229371018e+00
4.071666666666666856e+01,1.644609592352524519e+09,-4.852549998560978239e-01,8.685475858466483734e-01,-1.549650378776229909e+00,8.685475858466483734e-01,-1.444940804212761387e+00,-1.479153188469614078e+00,-1.570392128158794920e+00
4.073333333333333428e+01,1.644609592369022608e+09,-4.812657319386894339e-01,9.326470386766605447e-01,-1.360354287789554251e+00,9.326470386766605447e-01,-1.302664620875498391e+00,-1.505160594274353780e+00,-1.550551682057369263e+00
4.075000000000000000e+01,1.644609592386283398e+09,-4.770498981963512963e-01,1.028796217921677636e+00,-1.746833806887349905e+00,1.028796217921677636e+00,-1.151247673006382533e+00,-1.530805872392712930e+00,-1.526947261523755150e+00
4.076666666666666572e+01,1.644609592404455900e+09,-4.725852366824132567e-01,1.156995123581699536e+00,-1.510213693154005110e+00,1.156995123581699536e+00,-9.919829433734901336e-01,-1.556021299135777802e+00,-1.498981631777220214e+00
4.078333333333333144e+01,1.644609592420719862e+09,-4.678498413856567728e-01,1.189044849996704567e+00,-1.707397121265125328e+00,1.189044849996704567e+00,-8.262521268924141182e-01,-1.580747177129196768e+00,-1.468209208398729704e+00
4.079999999999999716e+01,1.644609592439661503e+09,-4.628223967510188275e-01,1.285194029241721658e+00,-1.384016299162888153e+00,1.285194029241721658e+00,-6.555130971604182788e-01,-1.604927568969519047e+00,-1.433534134357052237e+00
4.081666666666666288e+01,1.644609592455851793e+09,-4.574824106622305542e-01,1.349293482071731276e+00,-1.147396185429544913e+00,1.349293482071731276e+00,-4.812865400288257600e-01,-1.628501914540261497e+00,-1.395493006418927928e+00
4.083333333333333570e+01,1.644609592472831964e+09,-4.518104438831420100e-01,1.381343208486736307e+00,-1.399790973411778827e+00,1.381343208486736307e+00,-3.051418811180656165e-01,-1.651418739659223256e+00,-1.354639492510488319e+00
4.085000000000000142e+01,1.644609592489788294e+09,-4.457883339736017358e-01,1.381343208486736307e+00,-9.896494429406480497e-01,1.381343208486736307e+00,-1.286826415853191685e-01,-1.673635942949224464e+00,-1.311544613105463553e+00
4.086666666666666714e+01,1.644609592506740808e+09,-4.393994117308669400e-01,1.381343208486736307e+00,-1.636411087145122289e+00,1.381343208486736307e+00,4.646863744827374465e-02,-1.695116658553332822e+00,-1.266267033402438180e+00
4.088333333333333286e+01,1.644609592524714231e+09,-4.326287082588065047e-01,1.445442661316748589e+00,-1.478664344656226426e+00,1.445442661316748589e+00,2.186857566737508973e-01,-1.715816361428110781e+00,-1.217831856894485254e+00
4.089999999999999858e+01,1.644609592542093515e+09,-4.254631508338712620e-01,1.509542114146758207e+00,-1.683735109891791204e+00,1.509542114146758207e+00,3.863543581206084765e-01,-1.735683489332534357e+00,-1.166366454452272272e+00
4.091666666666666430e+01,1.644609592559414864e+09,-4.178917458187701994e-01,1.541591840561763238e+00,-1.778383155385128145e+00,1.541591840561763238e+00,5.478874121198034075e-01,-1.754673231206429707e+00,-1.112552058367017427e+00
4.093333333333333002e+01,1.644609592577376127e+09,-4.099057469710933321e-01,1.573641566976770489e+00,-1.896693212251800542e+00,1.573641566976770489e+00,7.017405409991438470e-01,-1.772747822355009717e+00,-1.056554432085505368e+00
4.095000000000000284e+01,1.644609592593391418e+09,-4.014988076042523280e-01,1.573641566976770489e+00,-2.078101966114031640e+00,1.573641566976770489e+00,8.464270298941877213e-01,-1.789876869982274021e+00,-9.990909078437252289e-01
4.096666666666666856e+01,1.644609592609448671e+09,-3.926671151811036986e-01,1.573641566976770489e+00,-2.212186697229592713e+00,1.573641566976770489e+00,9.805323776183747508e-01,-1.806037606398607220e+00,-9.403606056841397054e-01
4.098333333333333428e+01,1.644609592625442743e+09,-3.834095070553202866e-01,1.541591840561763238e+00,-2.448806810962937952e+00,1.541591840561763238e+00,1.102728244540395863e+00,-1.821215165274345793e+00,-8.811110453900318218e-01
4.100000000000000000e+01,1.644609592649479628e+09,-3.737275662216988370e-01,1.541591840561763238e+00,-2.283172731349596418e+00,1.541591840561763238e+00,1.211785659836408735e+00,-1.835398351992730381e+00,-8.210382336650110524e-01
4.101666666666666572e+01,1.644609592661493778e+09,-3.636256960915661973e-01,1.541591840561763238e+00,-2.212186697229592713e+00,1.541591840561763238e+00,1.306587357258061521e+00,-1.848575528411343427e+00,-7.603914039494009680e-01
4.103333333333333144e+01,1.644609592678448439e+09,-3.531111734738582864e-01,1.541591840561763238e+00,-2.425144799589602052e+00,1.541591840561763238e+00,1.386139116630700219e+00,-1.860739313176378973e+00,-6.994321032311576758e-01
4.104999999999999716e+01,1.644609592694759130e+09,-3.421941791132808164e-01,1.541591840561763238e+00,-2.369933439718488799e+00,1.541591840561763238e+00,1.449579997584642843e+00,-1.871886766839010230e+00,-6.384317855994197100e-01
4.106666666666666288e+01,1.644609592713711262e+09,-3.308878053142043085e-01,1.541591840561763238e+00,-2.724863610318505103e+00,1.541591840561763238e+00,1.496191362440707717e+00,-1.882019535950449463e+00,-5.776692964379392947e-01
4.108333333333333570e+01,1.644609592728814125e+09,-3.192080403603068106e-01,1.573641566976770489e+00,-2.843173667185177500e+00,1.573641566976770489e+00,1.525404596615782093e+00,-1.891139527783833874e+00,-5.168985352113456555e-01
4.110000000000000142e+01,1.644609592746734619e+09,-3.071737296245233284e-01,1.541591840561763238e+00,-2.780074970189619687e+00,1.541591840561763238e+00,1.536807447278556893e+00,-1.899257919041419607e+00,-4.574734891564211647e-01
4.111666666666666714e+01,1.644609592762660027e+09,-2.948065134498618067e-01,1.541591840561763238e+00,-2.227961371478482278e+00,1.541591840561763238e+00,1.530148914145654793e+00,-1.906395020361687953e+00,-3.991407085910292363e-01
4.113333333333333286e+01,1.644609592780604601e+09,-2.821307420678833000e-01,1.541591840561763238e+00,-1.857256526629577520e+00,1.541591840561763238e+00,1.505342640138266130e+00,-1.912571391880234728e+00,-3.421820957274820385e-01
4.114999999999999858e+01,1.644609592797560215e+09,-2.691733680062410317e-01,1.541591840561763238e+00,-1.833594515256242286e+00,1.541591840561763238e+00,1.462468763985741660e+00,-1.917812242097585385e+00,-2.868735687676729484e-01
4.116666666666666430e+01,1.644609592813494444e+09,-2.559638166186277153e-01,1.541591840561763238e+00,-1.817819841007352943e+00,1.541591840561763238e+00,1.401774211623467936e+00,-1.922147305935470785e+00,-2.334824040600337602e-01
4.118333333333333002e+01,1.644609592830452919e+09,-2.425338355479220442e-01,1.573641566976770489e+00,-1.565425053025118807e+00,1.573641566976770489e+00,1.323671418243917319e+00,-1.925606252315127165e+00,-1.817349079266992185e-01
4.120000000000000284e+01,1.644609592849020958e+09,-2.289173241051466190e-01,1.541591840561763238e+00,-1.265706242296217310e+00,1.541591840561763238e+00,1.228735487979426555e+00,-1.928227427138143879e+00,-1.329416109613293651e-01
4.121666666666666856e+01,1.644609592865639210e+09,-2.151501437115301563e-01,1.541591840561763238e+00,-9.738747686917587076e-01,1.541591840561763238e+00,1.117699813268338449e+00,-1.930057456002389094e+00,-8.679005453324914465e-02
4.123333333333333428e+01,1.644609592882949352e+09,-2.012699107069921833e-01,1.541591840561763238e+00,-1.131621511180654238e+00,1.541591840561763238e+00,9.914501908434087962e-01,-1.931142104396345927e+00,-4.348803894920601903e-02
4.125000000000000000e+01,1.644609592899881124e+09,-1.873157729751847300e-01,1.541591840561763238e+00,-1.202607545300658831e+00,1.541591840561763238e+00,8.510174858302321788e-01,-1.931530430061856096e+00,-3.222891177162665044e-03
4.126666666666666572e+01,1.644609592918050289e+09,-1.733281719704698465e-01,1.541591840561763238e+00,-1.486551681780671208e+00,1.541591840561763238e+00,6.975689095165356068e-01,-1.931274425767393721e+00,3.384045036301330800e-02
4.128333333333333144e+01,1.644609592932071686e+09,-1.593485918561162729e-01,1.541591840561763238e+00,-1.486551681780671208e+00,1.541591840561763238e+00,5.323979898103968766e-01,-1.930428631811000884e+00,6.756115357948977440e-02
4.129999999999999716e+01,1.644609592949842215e+09,-1.454192975734929782e-01,1.541591840561763238e+00,-6.189445980917431811e-01,1.541591840561763238e+00,3.569133261139657565e-01,-1.929049721683998797e+00,9.782399623041658498e-02
4.131666666666666288e+01,1.644609592967759371e+09,-1.315830637588037144e-01,1.541591840561763238e+00,-1.297255590793995772e+00,1.541591840561763238e+00,1.726262321776768083e-01,-1.927196064590443569e+00,1.245406403491854663e-01
4.133333333333333570e+01,1.644609592984761000e+09,-1.178828965059527945e-01,1.541591840561763238e+00,-1.242044230922881853e+00,1.541591840561763238e+00,-1.886261865025085083e-02,-1.924927268746749354e+00,1.476506648706830405e-01
4.135000000000000142e+01,1.644609593001693964e+09,-1.043617500408759585e-01,1.541591840561763238e+00,-1.399790973411778827e+00,1.541591840561763238e+00,-2.158774216119378475e-01,-1.922303709578704778e+00,1.671223460184687870e-01
4.136666666666666714e+01,1.644609593017650127e+09,-9.106224042320865131e-02,1.669790746221785138e+00,-1.533875704527340345e+00,1.669790746221785138e+00,-4.166822094304684088e-01,-1.919368340190518163e+00,1.850721189101375563e-01
4.138333333333333286e+01,1.644609593034662008e+09,-7.802635842582304748e-02,1.765939925466802229e+00,-1.013311454313983173e+00,1.765939925466802229e+00,-6.194964218843077575e-01,-1.916151019780001574e+00,2.009621902259959292e-01
4.139999999999999858e+01,1.644609593050792694e+09,-6.529518376024533166e-02,1.894138831126824352e+00,-1.502326356029560550e+00,1.894138831126824352e+00,-8.225109300984780880e-01,-1.912681393160488463e+00,2.153530286236219615e-01
4.141666666666666430e+01,1.644609593067760468e+09,-5.290860281684868494e-02,2.022337736786846030e+00,-1.699509784140680546e+00,2.022337736786846030e+00,-1.023904365055288146e+00,-1.908984016569036823e+00,2.282962082276963067e-01
4.143333333333333002e+01,1.644609593086208105e+09,-4.090503207273102348e-02,2.150536642446868374e+00,-2.204299360105148597e+00,2.150536642446868374e+00,-1.221859596736073250e+00,-1.905082342814498952e+00,2.398724852350049286e-01
4.145000000000000284e+01,1.644609593103797436e+09,-2.932114928723558722e-02,2.246685821691885465e+00,-1.959791909247359243e+00,2.246685821691885465e+00,-1.414580208704737441e+00,-1.901002668525469730e+00,2.496612378290949119e-01
4.146666666666666856e+01,1.644609593121468306e+09,-1.819163455569267757e-02,2.342835000936902556e+00,-1.928242560749580559e+00,2.342835000936902556e+00,-1.600306812835369907e+00,-1.896773572865886770e+00,2.578076119712041647e-01
4.148333333333333428e+01,1.644609593137430429e+09,-7.548923226144678422e-03,2.438984180181916983e+00,-1.999228594869583819e+00,2.438984180181916983e+00,-1.777333050279311877e+00,-1.892421000264830511e+00,2.644825582018578980e-01
4.150000000000000000e+01,1.644609593154607773e+09,2.577027397444538181e-03,2.438984180181916983e+00,-1.447114996158446631e+00,2.438984180181916983e+00,-1.944021127648211777e+00,-1.887981123547252560e+00,2.682920656931750969e-01
4.151666666666666572e+01,1.644609593171610594e+09,1.215895573878216646e-02,2.471033906596921792e+00,-1.368241624913998811e+00,2.471033906596921792e+00,-2.098816741725330282e+00,-1.883495234932478724e+00,2.700097964929278893e-01
4.153333333333333144e+01,1.644609593187971830e+09,2.117249630392060294e-02,2.503083633011929265e+00,-1.612749075771788165e+00,2.503083633011929265e+00,-2.240263251776394071e+00,-1.878996064663219334e+00,2.698909659109273163e-01
4.154999999999999716e+01,1.644609593205919743e+09,2.959636111578151096e-02,2.503083633011929265e+00,-1.320917602167329674e+00,2.503083633011929265e+00,-2.367014965648238878e+00,-1.874516365500686010e+00,2.676790778711221619e-01
4.156666666666666288e+01,1.644609593222869873e+09,3.741250077479799097e-02,2.503083633011929265e+00,-1.171058196802878815e+00,2.503083633011929265e+00,-2.477849414253173066e+00,-1.870088534141080894e+00,2.636718168241630189e-01
4.158333333333333570e+01,1.644609593238918543e+09,4.460624384067492232e-02,2.567183085841938883e+00,-1.478664344656226426e+00,2.567183085841938883e+00,-2.571678498661453816e+00,-1.865731043252244259e+00,2.592394023883344834e-01
4.160000000000000142e+01,1.644609593256247520e+09,5.116641338954980994e-02,2.599232812256944136e+00,-1.249931568047326635e+00,2.599232812256944136e+00,-2.647558404762130113e+00,-1.861452867576332881e+00,2.541558001706699099e-01
4.161666666666666714e+01,1.644609593272432089e+09,5.708541976967910353e-02,2.599232812256944136e+00,-1.754721144011794465e+00,2.599232812256944136e+00,-2.704698192208123686e+00,-1.857266608630327331e+00,2.482117848921447933e-01
4.163333333333333286e+01,1.644609593289803505e+09,6.235932875491383143e-02,2.599232812256944136e+00,-1.920355223625134666e+00,2.599232812256944136e+00,-2.742466977013394036e+00,-1.853183812258677232e+00,2.417417524412205920e-01
4.164999999999999858e+01,1.644609593308254957e+09,6.698790447874494736e-02,2.599232812256944136e+00,-1.809932503882908161e+00,2.599232812256944136e+00,-2.760399640599569882e+00,-1.849210432985541219e+00,2.350822593623741186e-01
4.166666666666666430e+01,1.644609593324566126e+09,7.097462671963178371e-02,2.631282538671951166e+00,-1.218382219549547951e+00,2.631282538671951166e+00,-2.758201012165074850e+00,-1.845342395051351669e+00,2.290989135366324203e-01
4.168333333333333002e+01,1.644609593340496778e+09,7.432668230062541848e-02,2.599232812256944136e+00,-1.155283522553989473e+00,2.599232812256944136e+00,-2.735748485833688015e+00,-1.841574578694944453e+00,2.230558359539460689e-01
4.170000000000000284e+01,1.644609593359477043e+09,7.705493056033507759e-02,2.631282538671951166e+00,-8.161280262028632881e-01,2.631282538671951166e+00,-2.693093048989938509e+00,-1.837896327310932554e+00,2.183474093979676789e-01
4.171666666666666856e+01,1.644609593376449347e+09,7.917384304737845602e-02,2.631282538671951166e+00,-9.107760716962002290e-01,2.631282538671951166e+00,-2.630458713382028524e+00,-1.834287248286941452e+00,2.147520607954752636e-01
4.173333333333333428e+01,1.644609593391412258e+09,8.070141778467210258e-02,2.631282538671951166e+00,-1.202607545300658831e+00,2.631282538671951166e+00,-2.548240355819014979e+00,-1.830726239107744346e+00,2.125750879971604612e-01
4.175000000000000000e+01,1.644609593409336805e+09,8.165906864171709745e-02,2.631282538671951166e+00,-1.525988367402894230e+00,2.631282538671951166e+00,-2.446999990461524277e+00,-1.827187228754170834e+00,2.121074534470940853e-01
4.176666666666666572e+01,1.644609593426807404e+09,8.207149054136547717e-02,2.663332265086955974e+00,-1.234156893798437293e+00,2.663332265086955974e+00,-2.327461509656203464e+00,-1.823635010281028368e+00,2.141530808977974154e-01
4.178333333333333144e+01,1.644609593443899393e+09,8.196650141035705106e-02,2.663332265086955974e+00,-1.486551681780671208e+00,2.663332265086955974e+00,-2.190503944847020268e+00,-1.820030063912935647e+00,2.184286065337036342e-01
4.179999999999999716e+01,1.644609593460854769e+09,8.137486195914855891e-02,2.663332265086955974e+00,-1.589087064398452931e+00,2.663332265086955974e+00,-2.037153313172897828e+00,-1.816333268456214345e+00,2.251681269422166065e-01
4.181666666666666288e+01,1.644609593479144335e+09,8.033007454500479261e-02,2.663332265086955974e+00,-1.415565647660668169e+00,2.663332265086955974e+00,-1.868573128789623450e+00,-1.812501794146089029e+00,2.345826382370468921e-01
4.183333333333333570e+01,1.644609593495157003e+09,7.886816253091910589e-02,2.663332265086955974e+00,-2.204299360105148597e+00,2.663332265086955974e+00,-1.686053670609935828e+00,-1.808489501972745161e+00,2.468583226383200269e-01
4.185000000000000142e+01,1.644609593513461351e+09,7.702743170160672448e-02,2.663332265086955974e+00,-1.802045166758463379e+00,2.663332265086955974e+00,-1.491000109911420068e+00,-1.804247369687905111e+00,2.621550596064054495e-01
4.186666666666666714e+01,1.644609593530394793e+09,7.484821543416997347e-02,2.663332265086955974e+00,-1.431340321909557289e+00,2.663332265086955974e+00,-1.284919612007011880e+00,-1.799723940638674025e+00,2.806051747751734937e-01
4.188333333333333286e+01,1.644609593548689604e+09,7.237260544503958115e-02,2.663332265086955974e+00,-1.604861738647343383e+00,2.663332265086955974e+00,-1.069407535801424780e+00,-1.794865791373576824e+00,3.023124376648351763e-01
4.189999999999999858e+01,1.644609593565642357e+09,6.964417004472918393e-02,2.663332265086955974e+00,-1.817819841007352943e+00,2.663332265086955974e+00,-8.461328634795270975e-01,-1.789618013802484864e+00,3.273513167872003637e-01
4.191666666666666430e+01,1.644609593582618237e+09,6.670766192756694135e-02,2.631282538671951166e+00,-2.322609416971820995e+00,2.631282538671951166e+00,-6.168229997026336564e-01,-1.783929134293231966e+00,3.552367629274361116e-01
4.193333333333333002e+01,1.644609593599727631e+09,6.360871760352931892e-02,2.663332265086955974e+00,-2.614440890576277710e+00,2.663332265086955974e+00,-3.832480854628905198e-01,-1.777742660692137155e+00,3.870516923200757464e-01
4.195000000000000284e+01,1.644609593615598679e+09,6.039355064343530227e-02,2.631282538671951166e+00,-2.409370125340713376e+00,2.631282538671951166e+00,-1.472049761088497222e-01,-1.771002156893915824e+00,4.217124812312393889e-01
4.196666666666666856e+01,1.644609593631629705e+09,5.710864095658439721e-02,2.663332265086955974e+00,-2.314722079847374658e+00,2.663332265086955974e+00,8.949896403917562138e-02,-1.763651640255441411e+00,4.602424850782005916e-01
4.198333333333333428e+01,1.644609593649085999e+09,5.380042235033074410e-02,2.631282538671951166e+00,-1.849369189505131184e+00,2.631282538671951166e+00,3.250620966347296248e-01,-1.755636169296332039e+00,5.014994247075359457e-01
4.200000000000000000e+01,1.644609593666379213e+09,5.051497063518828323e-02,2.663332265086955974e+00,-2.188524685856259033e+00,2.663332265086955974e+00,5.577046200323987346e-01,-1.746902221680203482e+00,5.464494251767300081e-01
4.201666666666666572e+01,1.644609593683363676e+09,4.729769453514379857e-02,2.631282538671951166e+00,-1.896693212251800542e+00,2.631282538671951166e+00,7.856844035675889515e-01,-1.737398253948829074e+00,5.938949064826812840e-01
4.203333333333333144e+01,1.644609593700448275e+09,4.419303164239166137e-02,2.631282538671951166e+00,-2.117538651736254440e+00,2.631282538671951166e+00,1.007312396194053772e+00,-1.727079470020313146e+00,6.442193714685987560e-01
4.204999999999999716e+01,1.644609593718624353e+09,4.124415161781032346e-02,2.663332265086955974e+00,-2.338384091220709671e+00,2.663332265086955974e+00,1.220967464753123677e+00,-1.715894958980031415e+00,6.977731892589850160e-01
4.206666666666666288e+01,1.644609593736555099e+09,3.849266878401381986e-02,2.663332265086955974e+00,-1.723171795514014670e+00,2.663332265086955974e+00,1.425110523017260267e+00,-1.703797084848875931e+00,7.538160282628999509e-01
4.208333333333333570e+01,1.644609593751515150e+09,3.597836618711194867e-02,2.663332265086955974e+00,-2.196412022980703593e+00,2.663332265086955974e+00,1.618297819857221986e+00,-1.690746220940041233e+00,8.121256657698014969e-01
4.210000000000000142e+01,1.644609593770776987e+09,3.373893311653975574e-02,2.663332265086955974e+00,-2.472468822336271632e+00,2.663332265086955974e+00,1.799193263353031425e+00,-1.676706598126734837e+00,8.724614684304948797e-01
4.211666666666666714e+01,1.644609593787394762e+09,3.180971797088016223e-02,2.695381991501961227e+00,-2.866835678558512068e+00,2.695381991501961227e+00,1.966579667319645619e+00,-1.661642165995744991e+00,9.350963972798651547e-01
4.213333333333333286e+01,1.644609593804750681e+09,3.022349824133174073e-02,2.695381991501961227e+00,-2.488243496585160752e+00,2.695381991501961227e+00,2.119368817459208021e+00,-1.645521366237903349e+00,9.992214443380430522e-01
4.214999999999999858e+01,1.644609593820715189e+09,2.901026925533700673e-02,2.695381991501961227e+00,-2.267398057100706854e+00,2.695381991501961227e+00,2.256610266061852776e+00,-1.628321716821894416e+00,1.064554999214764486e+00
4.216666666666666430e+01,1.644609593840653896e+09,2.819705318089801155e-02,2.695381991501961227e+00,-2.322609416971820995e+00,2.695381991501961227e+00,2.377498776760137211e+00,-1.610025501546388460e+00,1.130806796743626830e+00
4.218333333333333002e+01,1.644609593855593681e+09,2.780772963905335515e-02,2.695381991501961227e+00,-2.338384091220709671e+00,2.695381991501961227e+00,2.481380354152947110e+00,-1.590619892201430519e+00,1.197680559826250546e+00
4.220000000000000284e+01,1.644609593873945475e+09,2.786288910876160568e-02,2.695381991501961227e+00,-2.511905507958494432e+00,2.695381991501961227e+00,2.567756807040247669e+00,-1.570097026417181629e+00,1.264876674017705094e+00
4.221666666666666856e+01,1.644609593891871214e+09,2.837971013625856936e-02,2.695381991501961227e+00,-3.032469758171851826e+00,2.695381991501961227e+00,2.636288808397665662e+00,-1.548454040883006533e+00,1.332094868481857208e+00
4.223333333333333428e+01,1.644609593908881426e+09,2.937186118147298158e-02,2.695381991501961227e+00,-3.198103837785193360e+00,2.695381991501961227e+00,2.686797429940043891e+00,-1.525693060042311977e+00,1.399036877998529382e+00
4.225000000000000000e+01,1.644609593925757647e+09,3.084942774816604172e-02,2.695381991501961227e+00,-3.560921345509653335e+00,2.695381991501961227e+00,2.719264144020796969e+00,-1.501821140788013986e+00,1.465409061002943991e+00
4.226666666666666572e+01,1.644609593943670034e+09,3.281886525416807115e-02,2.695381991501961227e+00,-2.882610352807401188e+00,2.695381991501961227e+00,2.733829300551029462e+00,-1.476850174095989177e+00,1.530924949178468886e+00
4.228333333333333144e+01,1.644609593959523916e+09,3.528297790433267134e-02,2.727431717916966036e+00,-3.269089871905196176e+00,2.727431717916966036e+00,2.730789101445936673e+00,-1.450792318211150622e+00,1.595837440283011999e+00
4.229999999999999716e+01,1.644609593975685596e+09,3.824092363343534889e-02,2.727431717916966036e+00,-3.395287265896313578e+00,2.727431717916966036e+00,2.710591109674204802e+00,-1.423664342976932229e+00,1.659343178841979904e+00
4.231666666666666288e+01,1.644609593993612766e+09,4.168824499080391044e-02,2.727431717916966036e+00,-3.150779815038523779e+00,2.727431717916966036e+00,2.673828344154426162e+00,-1.395491787902545466e+00,1.721191624802116404e+00
4.233333333333333570e+01,1.644609594008927107e+09,4.561692564393773908e-02,2.759481444331973066e+00,-3.269089871905196176e+00,2.759481444331973066e+00,2.621232025374542474e+00,-1.366299805839296111e+00,1.781678200567308856e+00
4.235000000000000142e+01,1.644609594026044369e+09,5.001547198717272436e-02,2.759481444331973066e+00,-2.953596386927404449e+00,2.759481444331973066e+00,2.553663049567494348e+00,-1.336117401276639249e+00,1.840048204236309770e+00
4.236666666666666714e+01,1.644609594043056726e+09,5.486901915401903862e-02,2.759481444331973066e+00,-2.906272364180734868e+00,2.759481444331973066e+00,2.472102281441132643e+00,-1.304981490627521001e+00,1.896105355683409766e+00
4.238333333333333286e+01,1.644609594059391260e+09,6.015946055047172863e-02,2.759481444331973066e+00,-2.835286330060732052e+00,2.759481444331973066e+00,2.377639766704971791e+00,-1.272932083972349249e+00,1.949674635878853701e+00
4.239999999999999858e+01,1.644609594078324318e+09,6.586559985222799340e-02,2.791531170746978319e+00,-3.103455792291854642e+00,2.791531170746978319e+00,2.271462975856951338e+00,-1.240007493463423538e+00,2.001133281146660003e+00
4.241666666666666430e+01,1.644609594096401691e+09,7.196332424276485895e-02,2.791531170746978319e+00,-3.229653186282972044e+00,2.791531170746978319e+00,2.154844199791984050e+00,-1.206248473804001353e+00,2.049813850996220488e+00
4.243333333333333002e+01,1.644609594112596273e+09,7.842579751322562021e-02,2.759481444331973066e+00,-2.827398992936287048e+00,2.759481444331973066e+00,2.029127225677028523e+00,-1.171706625913749189e+00,2.095082147606118550e+00
4.245000000000000284e+01,1.644609594128045559e+09,8.522367149972050193e-02,2.791531170746978319e+00,-2.882610352807401188e+00,2.791531170746978319e+00,1.895713428136095446e+00,-1.136430559349129066e+00,2.137926824356216393e+00
4.246666666666666856e+01,1.644609594146026134e+09,9.232531420053650961e-02,2.791531170746978319e+00,-2.456694148087382068e+00,2.791531170746978319e+00,1.756047416034971942e+00,-1.100465623306085661e+00,2.177754864759538833e+00
4.248333333333333428e+01,1.644609594164502382e+09,9.969705279562313116e-02,2.759481444331973066e+00,-2.614440890576277710e+00,2.759481444331973066e+00,1.611602379002189167e+00,-1.063866765203260289e+00,2.214007403712282773e+00
4.250000000000000000e+01,1.644609594181456804e+09,1.073034296844664892e-01,2.759481444331973066e+00,-2.582891542078499025e+00,2.759481444331973066e+00,1.463865280234141419e+00,-1.026689110858456822e+00,2.247218861443581073e+00
4.251666666666666572e+01,1.644609594197710991e+09,1.151074695672485160e-01,2.791531170746978319e+00,-2.653877576198502286e+00,2.791531170746978319e+00,1.314322043088028913e+00,-9.889787476635731878e-01,2.277939385145947515e+00
4.253333333333333144e+01,1.644609594215032101e+09,1.230709555180182907e-01,2.791531170746978319e+00,-2.748525621691839671e+00,2.791531170746978319e+00,1.164442878456106278e+00,-9.507813202593835555e-01,2.305674858561809426e+00
4.254999999999999716e+01,1.644609594230357885e+09,1.311547119388498661e-01,2.791531170746978319e+00,-2.511905507958494432e+00,2.791531170746978319e+00,1.015667897949945164e+00,-9.121460146768989308e-01,2.330492870790940252e+00
4.256666666666666288e+01,1.644609594251254082e+09,1.393188922403387209e-01,2.759481444331973066e+00,-2.590778879202944029e+00,2.759481444331973066e+00,8.693931545254497406e-01,-8.731251336982476241e-01,2.351953233126579335e+00
4.258333333333333570e+01,1.644609594268208981e+09,1.475232690671648139e-01,2.791531170746978319e+00,-2.874723015682956184e+00,2.791531170746978319e+00,7.269572473813417091e-01,-8.337647907243180834e-01,2.371234363788121691e+00
4.260000000000000142e+01,1.644609594283474445e+09,1.557275248774891430e-01,2.759481444331973066e+00,-2.685426924696280970e+00,2.759481444331973066e+00,5.896286218211022057e-01,-7.941091533145736570e-01,2.387397227480928308e+00
4.261666666666666714e+01,1.644609594300908089e+09,1.638915406923376894e-01,2.759481444331973066e+00,-2.504018170834049872e+00,2.759481444331973066e+00,4.585936873379350409e-01,-7.542044658766139387e-01,2.401127125570800214e+00
4.263333333333333286e+01,1.644609594317558765e+09,1.719756808549285643e-01,2.791531170746978319e+00,-2.156975337358479017e+00,2.791531170746978319e+00,3.349458685463695407e-01,-7.140854947584218682e-01,2.413116105107497411e+00
4.264999999999999858e+01,1.644609594334489346e+09,1.799410716807546273e-01,2.791531170746978319e+00,-2.133313325985145337e+00,2.791531170746978319e+00,2.196756938262558467e-01,-6.737842844125028208e-01,2.423001675837798796e+00
4.266666666666666430e+01,1.644609594351639986e+09,1.877498719362795387e-01,2.791531170746978319e+00,-1.991341257745139037e+00,2.791531170746978319e+00,1.136620157656851315e-01,-6.333343226164853679e-01,2.430971600483659234e+00
4.268333333333333002e+01,1.644609594369829655e+09,1.953655331567537012e-01,2.759481444331973066e+00,-2.149088000234034457e+00,2.759481444331973066e+00,1.766444579707315832e-02,-5.927703155094742327e-01,2.436693358212132399e+00
4.270000000000000284e+01,1.644609594384873629e+09,2.027530479019588328e-01,2.759481444331973066e+00,-2.227961371478482278e+00,2.759481444331973066e+00,-6.768292706421386029e-02,-5.521235242874131810e-01,2.440909875611200430e+00
4.271666666666666856e+01,1.644609594404048681e+09,2.098791841509964617e-01,2.791531170746978319e+00,-2.504018170834049872e+00,2.791531170746978319e+00,-1.418764766273481470e-01,-5.114128610887365145e-01,2.444360123981184074e+00
4.273333333333333428e+01,1.644609594421001673e+09,2.167127041537190435e-01,2.791531170746978319e+00,-2.291060068474040978e+00,2.791531170746978319e+00,-2.045465960179011500e-01,-4.706538263287473045e-01,2.446717498800012880e+00
4.275000000000000000e+01,1.644609594439044714e+09,2.232245661850286722e-01,2.759481444331973066e+00,-2.141200663109589897e+00,2.759481444331973066e+00,-2.554598412870383584e-01,-4.298672864772756785e-01,2.447664652332623536e+00
4.276666666666666572e+01,1.644609594456132889e+09,2.293881077892150344e-01,2.791531170746978319e+00,-2.046552617616251624e+00,2.791531170746978319e+00,-2.945196475188516239e-01,-3.890660597906345219e-01,2.448480284366451265e+00
4.278333333333333144e+01,1.644609594473085642e+09,2.351792092523567468e-01,2.727431717916966036e+00,-2.235848708602926838e+00,2.727431717916966036e+00,-3.217656172833192052e-01,-3.482639685676138797e-01,2.447772628153991548e+00
4.279999999999999716e+01,1.644609594487552404e+09,2.405764362015376800e-01,2.631282538671951166e+00,-2.188524685856259033e+00,2.631282538671951166e+00,-3.373713957167336908e-01,-3.074890095234887877e-01,2.445229521492453539e+00
4.281666666666666288e+01,1.644609594505560637e+09,2.455611603980369095e-01,2.503083633011929265e+00,-1.967679246371803581e+00,2.503083633011929265e+00,-3.416411607718576882e-01,-2.667743809741255356e-01,2.440538934147091332e+00
4.283333333333333570e+01,1.644609594522192955e+09,2.501176579669758815e-01,2.278735548106890274e+00,-1.951904572122914461e+00,2.278735548106890274e+00,-3.350047711261864292e-01,-2.261673514622347947e-01,2.432327417584879026e+00
4.285000000000000142e+01,1.644609594540275812e+09,2.542331844863711110e-01,1.990288010371841443e+00,-1.762608481136238803e+00,1.990288010371841443e+00,-3.180116277230202737e-01,-1.857335397973424174e-01,2.419764878964133725e+00
4.286666666666666714e+01,1.644609594556690216e+09,2.578980265431188301e-01,1.573641566976770489e+00,-2.251623382851817290e+00,1.573641566976770489e+00,-2.913233178232311760e-01,-1.455612298440027153e-01,2.400964539830019895e+00
4.288333333333333286e+01,1.644609594572640419e+09,2.611055295500626094e-01,1.221094576411709376e+00,-2.204299360105148597e+00,1.221094576411709376e+00,-2.557051226220664608e-01,-1.057434365273635657e-01,2.377236570743208155e+00
4.289999999999999858e+01,1.644609594591763496e+09,2.638521018062747192e-01,7.082989537716214423e-01,-2.464581485211826628e+00,7.082989537716214423e-01,-2.120164808315810889e-01,-6.638262533350725025e-02,2.346147134098352627e+00
4.291666666666666430e+01,1.644609594607754707e+09,2.661371949696721417e-01,3.237022367915554644e-01,-2.630215564825166830e+00,3.237022367915554644e-01,-1.612005110159976384e-01,-2.758177929190841482e-02,2.310054650153013256e+00
4.293333333333333002e+01,1.644609594624712467e+09,2.679632612963956939e-01,1.634536047165285888e-01,-2.251623382851817290e+00,1.634536047165285888e-01,-1.042727048051636518e-01,1.060823973847059565e-02,2.272850979454490439e+00
4.295000000000000284e+01,1.644609594641632557e+09,2.693356881829693794e-01,3.204972641501691987e-03,-1.896693212251800542e+00,3.204972641501691987e-03,-4.230891129621117130e-02,4.816976102915727920e-02,2.234637725852891776e+00
4.296666666666666856e+01,1.644609594660952091e+09,2.702627107239056747e-01,-9.294420660351540575e-02,-2.015003269118472939e+00,-9.294420660351540575e-02,2.356726008345264023e-02,8.509549147052036799e-02,2.196555712969527452e+00
4.298333333333333428e+01,1.644609594675108671e+09,2.707553031679968414e-01,-1.570436594335263836e-01,-2.022890606242917499e+00,-1.570436594335263836e-01,9.219748531818336423e-02,1.213924073963272565e-01,2.159178027475131323e+00
4.300000000000000000e+01,1.644609594696129084e+09,2.708270503190518541e-01,-3.172922915085532591e-01,-1.731059132638460563e+00,-3.172922915085532591e-01,1.624020829068770766e-01,1.570590875948257858e-01,2.120929843799938208e+00
4.301666666666666572e+01,1.644609594708157063e+09,2.704940000808195855e-01,-3.493420179235594003e-01,-1.794157829634018819e+00,-3.493420179235594003e-01,2.329935421627136183e-01,1.920989043269895891e-01,2.083950885805093467e+00
4.303333333333333144e+01,1.644609594726076365e+09,2.697744984893560849e-01,-4.775409235835813559e-01,-1.754721144011794465e+00,-4.775409235835813559e-01,3.027900810577974777e-01,2.265194460806636556e-01,2.046617830009322958e+00
4.304999999999999716e+01,1.644609594742007256e+09,2.686890087086209467e-01,-5.736901028285972259e-01,-1.691622447016235764e+00,-5.736901028285972259e-01,3.706290918969744608e-01,2.603190164834500164e-01,2.009433909424342968e+00
4.306666666666666288e+01,1.644609594761408806e+09,2.672599155851516639e-01,-7.339387349036241570e-01,-1.691622447016235764e+00,-7.339387349036241570e-01,4.353803344874891956e-01,2.934908005910655815e-01,1.971286151976458623e+00
4.308333333333333570e+01,1.644609594777395010e+09,2.655113174645506446e-01,-7.980381877336351071e-01,-1.376128962038443593e+00,-7.980381877336351071e-01,4.959587392679127293e-01,3.260315713995962095e-01,1.933710723693499389e+00
4.310000000000000142e+01,1.644609594794359922e+09,2.634688070654673808e-01,-9.262370933936571182e-01,-2.007115931994028379e+00,-9.262370933936571182e-01,5.513366870513997098e-01,3.579412169399435184e-01,1.895552738047447727e+00
4.311666666666666714e+01,1.644609594812300682e+09,2.611592432848529599e-01,-1.054435999053679129e+00,-2.969371061176293569e+00,-1.054435999053679129e+00,6.005556375766016863e-01,3.892092577020618838e-01,1.856720024594044727e+00
4.313333333333333286e+01,1.644609594827281237e+09,2.586105158710840790e-01,-1.182634904713701030e+00,-2.906272364180734868e+00,-1.182634904713701030e+00,6.427369858924356638e-01,4.198235693791081413e-01,1.817107414269977461e+00
4.314999999999999858e+01,1.644609594845214605e+09,2.558513049485170443e-01,-1.310833810373723152e+00,-3.024582421047407266e+00,-1.310833810373723152e+00,6.770920336570045439e-01,4.497701804371121992e-01,1.776598440266694778e+00
4.316666666666666430e+01,1.644609594862167120e+09,2.529108374079661048e-01,-1.406982989618740243e+00,-2.764300295940728791e+00,-1.406982989618740243e+00,7.029309716253264728e-01,4.790375257624890915e-01,1.735596894641427745e+00
4.318333333333333002e+01,1.644609594877552986e+09,2.498186421920323141e-01,-1.567231621693767174e+00,-3.079793780918520962e+00,-1.567231621693767174e+00,7.196707798474324402e-01,5.076073536376946027e-01,1.692901052735449996e+00
4.320000000000000284e+01,1.644609594896231890e+09,2.466043065023192093e-01,-1.727480253768793883e+00,-2.661764913322946846e+00,-1.727480253768793883e+00,7.268419632847094025e-01,5.354503381852013799e-01,1.648380763346541711e+00
4.321666666666666856e+01,1.644609594913184643e+09,2.432972349372908016e-01,-1.823629433013810974e+00,-2.630215564825166830e+00,-1.823629433013810974e+00,7.240940525747252554e-01,5.625438073587331056e-01,1.602961704499025197e+00
4.323333333333333428e+01,1.644609594931132078e+09,2.399264135349311045e-01,-1.951828338673833096e+00,-3.000920409674073586e+00,-1.951828338673833096e+00,7.111998124053598991e-01,5.888670776655069439e-01,1.555961292087776782e+00
4.325000000000000000e+01,1.644609594948091745e+09,2.365201806440604959e-01,-2.176176423578870978e+00,-3.071906443794076402e+00,-2.176176423578870978e+00,6.880581132740204442e-01,6.143793160733793668e-01,1.505647081841490209e+00
4.326666666666666572e+01,1.644609594964042902e+09,2.331060064822281785e-01,-2.304375329238892878e+00,-2.898385027056289864e+00,-2.304375329238892878e+00,6.546954361689798496e-01,6.390376187678787900e-01,1.453494114262492198e+00
4.328333333333333144e+01,1.644609594982023001e+09,2.297102831574332760e-01,-2.432574234898914778e+00,-2.732750947442950107e+00,-2.432574234898914778e+00,6.112659937825200007e-01,6.628102033368966639e-01,1.399366392341534482e+00
4.329999999999999716e+01,1.644609594996982813e+09,2.263581268358695331e-01,-2.528723414143931869e+00,-2.858948341434067064e+00,-2.528723414143931869e+00,5.580504661049381365e-01,6.856675050273429717e-01,1.343664541517104905e+00
4.331666666666666288e+01,1.644609595016900063e+09,2.230731936295729800e-01,-2.688972046218959022e+00,-3.371625254522979898e+00,-2.688972046218959022e+00,4.954533625132111485e-01,7.075733565406077119e-01,1.285200045275411096e+00
4.333333333333333570e+01,1.644609595033855915e+09,2.198775106569619830e-01,-2.785121225463974781e+00,-3.631907379629658372e+00,-2.785121225463974781e+00,4.239990366131324295e-01,7.284897254488106322e-01,1.224931639886360779e+00
4.335000000000000142e+01,1.644609595049813747e+09,2.167913235967488250e-01,-2.881270404708991872e+00,-2.653877576198502286e+00,-2.881270404708991872e+00,3.443263939776823879e-01,7.483856606383191279e-01,1.162753304517997188e+00
4.336666666666666714e+01,1.644609595067089796e+09,2.138329619129347714e-01,-2.945369857539002822e+00,-2.464581485211826628e+00,-2.945369857539002822e+00,2.571823464068676568e-01,7.672329885133196692e-01,1.099102851457461227e+00
4.338333333333333286e+01,1.644609595083468676e+09,2.110187227763830886e-01,-3.041519036784018581e+00,-2.851061004309622504e+00,-3.041519036784018581e+00,1.634140792779900098e-01,7.850020354438578263e-01,1.033365388568489251e+00
4.339999999999999858e+01,1.644609595099405766e+09,2.083627745484054050e-01,-3.073568763199024723e+00,-3.182329163536303795e+00,-3.073568763199024723e+00,6.396021083476444158e-02,8.016663743419500943e-01,9.665409071309926103e-01
4.341666666666666430e+01,1.644609595118329287e+09,2.058770805249076352e-01,-3.201767668859047067e+00,-2.306834742722930098e+00,-3.201767668859047067e+00,-4.015906625417131615e-02,8.171941138101490587e-01,8.969810554109066691e-01
4.343333333333333002e+01,1.644609595135284424e+09,2.035713434673870892e-01,-3.233817395274051876e+00,-2.472468822336271632e+00,-3.233817395274051876e+00,-1.478527601565995386e-01,8.315528286268323299e-01,8.262611713370457966e-01
4.345000000000000284e+01,1.644609595152656794e+09,2.014529712710773357e-01,-3.297916848104062826e+00,-2.622328227700722714e+00,-3.297916848104062826e+00,-2.579706614858519043e-01,8.447185835867407899e-01,7.538306245506387615e-01
4.346666666666666856e+01,1.644609595169623613e+09,1.995270639416916181e-01,-3.362016300934073776e+00,-2.527680182207385329e+00,-3.362016300934073776e+00,-3.693156123352336895e-01,8.566629344415608305e-01,6.796974084746636446e-01
4.348333333333333428e+01,1.644609595187438250e+09,1.977964218726754597e-01,-3.490215206594095676e+00,-2.141200663109589897e+00,-3.490215206594095676e+00,-4.806563365580831526e-01,8.673488856787066048e-01,6.028302648516482565e-01
4.350000000000000000e+01,1.644609595204350710e+09,1.962615752354494592e-01,-3.554314659424106626e+00,-2.346271428345154675e+00,-3.554314659424106626e+00,-5.907406991366201954e-01,8.767402764282035132e-01,5.243546181261391492e-01
4.351666666666666572e+01,1.644609595221737385e+09,1.949208341177181281e-01,-3.618414112254117576e+00,-2.748525621691839671e+00,-3.618414112254117576e+00,-6.983092578277337870e-01,8.848108679563494450e-01,4.443386370966290744e-01
4.353333333333333144e+01,1.644609595237714291e+09,1.937703588707982150e-01,-3.682513565084128526e+00,-2.772187633065173351e+00,-3.682513565084128526e+00,-8.021089670051810838e-01,8.915357213318623186e-01,3.628700748529610220e-01
4.354999999999999716e+01,1.644609595255637884e+09,1.928042499573126012e-01,-3.778662744329144729e+00,-2.322609416971820995e+00,-3.778662744329144729e+00,-9.009068917629934337e-01,8.968870916238370627e-01,2.795258772927839419e-01
4.356666666666666288e+01,1.644609595270609856e+09,1.920146564274904655e-01,-3.810712470744150870e+00,-2.472468822336271632e+00,-3.810712470744150870e+00,-9.935037899217596946e-01,9.008436872446476951e-01,1.954990106608747724e-01
4.358333333333333570e+01,1.644609595287574291e+09,1.913919019960614309e-01,-3.874811923574161820e+00,-2.535567519331830333e+00,-3.874811923574161820e+00,-1.078747420597399032e+00,9.033908135797943384e-01,1.103925619228687677e-01
4.360000000000000142e+01,1.644609595307723284e+09,1.909246275446774554e-01,-3.938911376404172771e+00,-2.369933439718488799e+00,-3.938911376404172771e+00,-1.155545440443388916e+00,9.045117932185764431e-01,2.436396866996061450e-02
4.361666666666666714e+01,1.644609595321680307e+09,1.905999487372265488e-01,-4.003010829234183277e+00,-1.936129897874025119e+00,-4.003010829234183277e+00,-1.222877752530754814e+00,9.041926918610849739e-01,-6.241507300196348640e-02
4.363333333333333286e+01,1.644609595340916634e+09,1.904036273089522446e-01,-4.099160008479199924e+00,-1.738946469762905123e+00,-4.099160008479199924e+00,-1.279808178061482726e+00,9.024181156755367583e-01,-1.502899665920933159e-01
4.364999999999999858e+01,1.644609595356869221e+09,1.903202544759703685e-01,-4.131209734894206065e+00,-1.936129897874025119e+00,-4.131209734894206065e+00,-1.325495327657373990e+00,8.991803581981996363e-01,-2.379972934906158799e-01
4.366666666666666430e+01,1.644609595372952223e+09,1.903334448100655329e-01,-4.195309187724216571e+00,-2.511905507958494432e+00,-4.195309187724216571e+00,-1.359202556770102710e+00,8.944794170112625453e-01,-3.258715480452507585e-01
4.368333333333333002e+01,1.644609595389897585e+09,1.904260388359931000e-01,-4.227358914139221824e+00,-2.590778879202944029e+00,-4.227358914139221824e+00,-1.380306898740949251e+00,8.883187004845195522e-01,-4.131719283998439018e-01
4.370000000000000284e+01,1.644609595408393383e+09,1.905803125351661631e-01,-4.291458366969232330e+00,-3.095568455167410082e+00,-4.291458366969232330e+00,-1.388306879113809567e+00,8.807050771809387113e-01,-5.002210591976471443e-01
4.371666666666666856e+01,1.644609595426315784e+09,1.907781918813993838e-01,-4.291458366969232330e+00,-3.237540523407417936e+00,-4.291458366969232330e+00,-1.382829125866804620e+00,8.716534148901203816e-01,-5.857408551207627934e-01
4.373333333333333428e+01,1.644609595443295002e+09,1.910014704914850814e-01,-4.323508093384238471e+00,-3.292751883278530745e+00,-4.323508093384238471e+00,-1.363633702177048379e+00,8.611864592614285607e-01,-6.700595960847590682e-01
4.375000000000000000e+01,1.644609595460008144e+09,1.912320284468559672e-01,-4.291458366969232330e+00,-2.945709049802959445e+00,-4.291458366969232330e+00,-1.330618101041838752e+00,8.493348242854183994e-01,-7.519092355756000767e-01
4.376666666666666572e+01,1.644609595475991249e+09,1.914520503314562916e-01,-4.291458366969232330e+00,-2.993033072549628582e+00,-4.291458366969232330e+00,-1.283819854425403584e+00,8.361367975614482084e-01,-8.316325125415404695e-01
4.378333333333333144e+01,1.644609595494380713e+09,1.916442405367435320e-01,-4.323508093384238471e+00,-3.087681118042965966e+00,-4.323508093384238471e+00,-1.223417723454009121e+00,8.216249770217708415e-01,-9.095694556158339106e-01
4.379999999999999716e+01,1.644609595513088703e+09,1.917920339060973922e-01,-4.291458366969232330e+00,-2.985145735425184021e+00,-4.291458366969232330e+00,-1.149731450399691601e+00,8.058395764293269092e-01,-9.844705519795386994e-01
4.381666666666666288e+01,1.644609595529038191e+09,1.918797998286360940e-01,-4.291458366969232330e+00,-2.835286330060732052e+00,-4.291458366969232330e+00,-1.063220067636987176e+00,7.888281186029784120e-01,-1.056703734729960376e+00
4.383333333333333570e+01,1.644609595544996262e+09,1.918930379456593727e-01,-4.291458366969232330e+00,-3.213878512034082480e+00,-4.291458366969232330e+00,-9.644787732834648741e-01,7.706363894775450918e-01,-1.126110957942072055e+00
4.385000000000000142e+01,1.644609595563977003e+09,1.918185637014400424e-01,-4.291458366969232330e+00,-3.529371997011875095e+00,-4.291458366969232330e+00,-8.542343976967319286e-01,7.513126868670436664e-01,-1.192548801409336612e+00
4.386666666666666714e+01,1.644609595580928326e+09,1.916446820533534989e-01,-4.259408640554227965e+00,-3.269089871905196176e+00,-4.259408640554227965e+00,-7.333394992559182368e-01,7.309119880814114456e-01,-1.255360571620540266e+00
4.388333333333333286e+01,1.644609595598851919e+09,1.913613477536036667e-01,-4.227358914139221824e+00,-2.835286330060732052e+00,-4.227358914139221824e+00,-6.027651417591789462e-01,7.094955637715832930e-01,-1.314446214909018806e+00
4.389999999999999858e+01,1.644609595616742849e+09,1.909603107253035059e-01,-4.099160008479199924e+00,-2.827398992936287048e+00,-4.099160008479199924e+00,-4.635924191854434717e-01,6.871394691815159161e-01,-1.368135994113362175e+00
4.391666666666666430e+01,1.644609595630712748e+09,1.904352451786114619e-01,-4.003010829234183277e+00,-2.078101966114031640e+00,-4.003010829234183277e+00,-3.170028063591135981e-01,6.639294878002167666e-01,-1.416926239991951331e+00
4.393333333333333002e+01,1.644609595646637440e+09,1.897818612468937793e-01,-3.842762197159155679e+00,-1.525988367402894230e+00,-3.842762197159155679e+00,-1.642674260954301024e-01,6.399563040953343274e-01,-1.459736883341312019e+00
4.395000000000000284e+01,1.644609595663999796e+09,1.889979980674545701e-01,-3.650463838669123717e+00,-1.305142927918440332e+00,-3.650463838669123717e+00,-6.735334572251394647e-03,6.153238414516943866e-01,-1.496057740251695023e+00
4.396666666666666856e+01,1.644609595681104422e+09,1.880836973851764127e-01,-3.458165480179090867e+00,-1.297255590793995772e+00,-3.458165480179090867e+00,1.541790631499284636e-01,5.901398337698919860e-01,-1.525940172853712085e+00
4.398333333333333428e+01,1.644609595699244738e+09,1.870412569188998897e-01,-3.265867121689058017e+00,-1.281480916545106430e+00,-3.265867121689058017e+00,3.170093464408390016e-01,5.645109634664258191e-01,-1.549458932137716349e+00
4.400000000000000000e+01,1.644609595717192411e+09,1.858752628987911937e-01,-2.977419583954007631e+00,-1.368241624913998811e+00,-2.977419583954007631e+00,4.802510323228251776e-01,5.385557498052729875e-01,-1.565123194337083135e+00
4.401666666666666572e+01,1.644609595732172012e+09,1.845926013561776102e-01,-2.785121225463974781e+00,-1.462889670407337528e+00,-2.785121225463974781e+00,6.423760130251012779e-01,5.123905817916313277e-01,-1.574670446530755941e+00
4.403333333333333144e+01,1.644609595750123262e+09,1.832024479248686166e-01,-2.560773140558937122e+00,-1.455002333282891192e+00,-2.560773140558937122e+00,8.018473369768435166e-01,4.861206249075979979e-01,-1.577715919706424108e+00
4.404999999999999716e+01,1.644609595767057896e+09,1.817162360924699793e-01,-2.368474782068903828e+00,-1.455002333282891192e+00,-2.368474782068903828e+00,9.571341884098192310e-01,4.598483394222077636e-01,-1.574965977448685273e+00
4.406666666666666288e+01,1.644609595784010649e+09,1.801476040209995244e-01,-2.208226149993877119e+00,-1.873031200878466862e+00,-2.208226149993877119e+00,1.106726918233151613e+00,4.336643019278903499e-01,-1.567140260483713243e+00
4.408333333333333570e+01,1.644609595800986052e+09,1.785123202361971750e-01,-2.047977517918849077e+00,-1.234156893798437293e+00,-2.047977517918849077e+00,1.249151977790056378e+00,4.076514175990374467e-01,-1.554441135157006881e+00
4.410000000000000142e+01,1.644609595817921400e+09,1.768281886630664879e-01,-1.855679159428816005e+00,-1.194720208176212717e+00,-1.855679159428816005e+00,1.382986607516122568e+00,3.818934770004997481e-01,-1.536561403757014110e+00
4.411666666666666714e+01,1.644609595833937168e+09,1.751149336600245077e-01,-1.695430527353789074e+00,-1.289368253669551212e+00,-1.695430527353789074e+00,1.506873134396796488e+00,3.564703072578030429e-01,-1.514280857230267285e+00
4.413333333333333286e+01,1.644609595851946115e+09,1.733940658738455098e-01,-1.567231621693767174e+00,-1.478664344656226426e+00,-1.567231621693767174e+00,1.619532735451046035e+00,3.314486700541440234e-01,-1.488387534797320333e+00
4.414999999999999858e+01,1.644609595869407415e+09,1.716887299013636903e-01,-1.439032716033745052e+00,-1.549650378776229909e+00,-1.439032716033745052e+00,1.719778529207754758e+00,3.068865647216237336e-01,-1.459146332578566518e+00
4.416666666666666430e+01,1.644609595887299776e+09,1.700235349000020213e-01,-1.246734357543712202e+00,-1.928242560749580559e+00,-1.246734357543712202e+00,1.806527863267294531e+00,2.828463161565067385e-01,-1.425776192251389851e+00
4.418333333333333002e+01,1.644609595904244900e+09,1.684243694365207544e-01,-1.118535451883690079e+00,-2.180637348731813141e+00,-1.118535451883690079e+00,1.878813673471524837e+00,2.593853185454012555e-01,-1.389643890947153793e+00
4.420000000000000284e+01,1.644609595921173334e+09,1.669182020006129141e-01,-9.903365462236681793e-01,-2.101763977487365320e+00,-9.903365462236681793e-01,1.935794798890074997e+00,2.365471125028399679e-01,-1.351048047360152493e+00
4.421666666666666856e+01,1.644609595939182520e+09,1.655328687361855289e-01,-8.621376405636461682e-01,-2.156975337358479017e+00,-8.621376405636461682e-01,1.976765146672580853e+00,2.143702053845836508e-01,-1.310294015140080592e+00
4.423333333333333428e+01,1.644609595956127405e+09,1.642968500569375045e-01,-7.659884613186302982e-01,-2.740638284567394667e+00,-7.659884613186302982e-01,2.001161611725609468e+00,1.928835529939357807e-01,-1.268221143575983145e+00
4.425000000000000000e+01,1.644609595971500397e+09,1.632390379137144965e-01,-6.377895556586082870e-01,-2.716976273194060987e+00,-6.377895556586082870e-01,2.008570668044779683e+00,1.721110342427156492e-01,-1.224602272951660131e+00
4.426666666666666572e+01,1.644609595991071463e+09,1.623884955678880915e-01,-5.095906499985862759e-01,-2.535567519331830333e+00,-5.095906499985862759e-01,1.998733561247923118e+00,1.520758201991105063e-01,-1.179748010387232648e+00
4.428333333333333144e+01,1.644609596006044865e+09,1.617742117969782345e-01,-4.134414707535703504e-01,-2.874723015682956184e+00,-4.134414707535703504e-01,1.971550045293556153e+00,1.327915074769450143e-01,-1.134495221422733957e+00
4.429999999999999716e+01,1.644609596023832083e+09,1.614248515156085084e-01,-2.531928386785423091e-01,-3.048244432420742278e+00,-2.531928386785423091e-01,1.927080620398146316e+00,1.142711490482623549e-01,-1.088076733298724452e+00
4.431666666666666288e+01,1.644609596042837858e+09,1.613685048357250129e-01,-1.249939330185202979e-01,-2.914159701305181205e+00,-1.249939330185202979e-01,1.865547243648227216e+00,9.652722861968925094e-02,-1.041323591026322992e+00
4.433333333333333570e+01,1.644609596059142113e+09,1.616324366147604830e-01,-2.884475377350440711e-02,-2.961483724051848565e+00,-2.884475377350440711e-02,1.787332498598439345e+00,7.955854677465018510e-02,-9.950467801008683333e-01
4.435000000000000142e+01,1.644609596076099157e+09,1.622428385487633407e-01,6.730442547151148369e-02,-2.929934375554069881e+00,6.730442547151148369e-02,1.692977225109662420e+00,6.335500111064436279e-02,-9.495052069271763262e-01
4.436666666666666714e+01,1.644609596094049692e+09,1.632245858593570631e-01,1.634536047165285888e-01,-3.198103837785193360e+00,1.634536047165285888e-01,1.583176625663510917e+00,4.790230590041955061e-02,-9.049420078772841824e-01
4.438333333333333286e+01,1.644609596111366272e+09,1.646010005986107694e-01,2.596027839615456800e-01,-3.363737917398533561e+00,2.596027839615456800e-01,1.458774879247099587e+00,3.318227332439614707e-02,-8.615823475811167365e-01
4.439999999999999858e+01,1.644609596130075693e+09,1.663936235549632880e-01,3.557519632065603843e-01,-3.261202534780752060e+00,3.557519632065603843e-01,1.320758308487045563e+00,1.917313015038686619e-02,-8.196313665455473574e-01
4.441666666666666430e+01,1.644609596148061037e+09,1.686219966862547437e-01,4.198514160365725556e-01,-4.042048910100787928e+00,4.198514160365725556e-01,1.170247159879711729e+00,5.845440476666397683e-03,-7.798020339398887835e-01
4.443333333333333002e+01,1.644609596163139343e+09,1.713034579331094431e-01,4.198514160365725556e-01,-3.876414830487445951e+00,4.198514160365725556e-01,1.008486070579298621e+00,-6.846270756621239406e-03,-7.433046979296700218e-01
4.445000000000000284e+01,1.644609596182344675e+09,1.744529501782875469e-01,4.839508688665823399e-01,-3.671344065251881172e+00,4.839508688665823399e-01,8.368333081302259391e-01,-1.894958940345667017e-02,-7.091883096662211505e-01
4.446666666666666856e+01,1.644609596200101137e+09,1.780828460151880899e-01,5.480503216965945112e-01,-3.363737917398533561e+00,5.480503216965945112e-01,6.567488816377504701e-01,-3.050503365424008309e-02,-6.775528786931986902e-01
4.448333333333333428e+01,1.644609596217055798e+09,1.822027898730281814e-01,6.121497745266043511e-01,-3.379512591647424014e+00,6.121497745266043511e-01,4.697816340442639849e-01,-4.155456078477116899e-02,-6.484711614198197527e-01
4.450000000000000000e+01,1.644609596235456944e+09,1.868195589172927940e-01,6.762492273566165224e-01,-3.963175538856339664e+00,6.762492273566165224e-01,2.775554353000835306e-01,-5.214110633879057155e-02,-6.219878714881886816e-01
4.451666666666666572e+01,1.644609596250398159e+09,1.919369440039358499e-01,7.403486801866263622e-01,-3.915851516109670083e+00,7.403486801866263622e-01,8.175460519988031471e-02,-6.230811227244629352e-02,-5.981191441314245294e-01
4.453333333333333144e+01,1.644609596267379761e+09,1.975556518144449825e-01,8.044481330166385336e-01,-3.647682053878547492e+00,8.044481330166385336e-01,-1.158912976060628430e-01,-7.209904834632810400e-02,-5.768522608006997343e-01
4.454999999999999716e+01,1.644609596282581806e+09,2.036732291384006355e-01,8.685475858466483734e-01,-3.426836614394092262e+00,8.685475858466483734e-01,-3.136231774871164335e-01,-8.155693113473806710e-02,-5.581456378729642287e-01
4.456666666666666288e+01,1.644609596297904491e+09,2.102840101012063700e-01,9.005973122616556248e-01,-3.884302167611890511e+00,9.005973122616556248e-01,-5.096684466065926067e-01,-9.072827178863267228e-02,-5.424588161248186102e-01
4.458333333333333570e+01,1.644609596316867352e+09,2.173790869588713426e-01,9.646967650916654646e-01,-4.160358966967459438e+00,9.646967650916654646e-01,-7.022572609819783818e-01,-9.965807909976778789e-02,-5.291550170785220830e-01
4.460000000000000142e+01,1.644609596336766958e+09,2.249463049001635406e-01,9.967464915066702735e-01,-3.884302167611890511e+00,9.967464915066702735e-01,-8.896387940678542883e-01,-1.083894484608039221e-01,-5.186385194268390286e-01
4.461666666666666714e+01,1.644609596352750301e+09,2.329702811111412919e-01,1.028796217921677636e+00,-3.726555425122994869e+00,1.028796217921677636e+00,-1.070097393424433108e+00,-1.169674937124641906e-01,-5.107488271002247338e-01
4.463333333333333286e+01,1.644609596368476629e+09,2.414324481684280155e-01,1.092895670751687476e+00,-3.497822648514095079e+00,1.092895670751687476e+00,-1.241968466865809528e+00,-1.254300192902688682e-01,-5.047708481243220469e-01
4.464999999999999858e+01,1.644609596385430098e+09,2.503111216384236726e-01,1.124945397166692285e+00,-3.300639220402974860e+00,1.124945397166692285e+00,-1.403653946798000707e+00,-1.338116429215411296e-01,-5.010343669869049554e-01
4.466666666666666430e+01,1.644609596402701139e+09,2.595815915702192056e-01,1.189044849996704567e+00,-2.866835678558512068e+00,1.189044849996704567e+00,-1.553637185241097951e+00,-1.421433702631512974e-01,-4.987791785660347088e-01
4.468333333333333002e+01,1.644609596421651125e+09,2.692162373824961707e-01,1.221094576411709376e+00,-3.513597322762985975e+00,1.221094576411709376e+00,-1.690497137249261206e+00,-1.504522990594864551e-01,-4.982936257836587113e-01
4.470000000000000284e+01,1.644609596436766624e+09,2.791846654606026656e-01,1.221094576411709376e+00,-3.592470694007433352e+00,1.221094576411709376e+00,-1.812921697041175673e+00,-1.587701117155260466e-01,-4.998395984714435469e-01
4.471666666666666856e+01,1.644609596455995321e+09,2.894538686002535721e-01,1.221094576411709376e+00,-3.844865481989667266e+00,1.221094576411709376e+00,-1.919720059074040641e+00,-1.671282280955629918e-01,-5.031252401357787507e-01
4.473333333333333428e+01,1.644609596471503496e+09,2.999884062610657653e-01,1.189044849996704567e+00,-4.034161572976342924e+00,1.189044849996704567e+00,-2.009833985456562999e+00,-1.755575246602199269e-01,-5.083757624954527987e-01
4.475000000000000000e+01,1.644609596485749483e+09,3.107506044270053058e-01,1.221094576411709376e+00,-3.284864546154085740e+00,1.221094576411709376e+00,-2.082347871415796359e+00,-1.840791936560099429e-01,-5.142083150830641936e-01
4.476666666666666572e+01,1.644609596502728701e+09,3.217007737138908863e-01,1.221094576411709376e+00,-3.355850580274088557e+00,1.221094576411709376e+00,-2.136497511903794333e+00,-1.927047454418831240e-01,-5.208394788887257265e-01
4.478333333333333144e+01,1.644609596519625902e+09,3.327974442168476488e-01,1.221094576411709376e+00,-3.182329163536303795e+00,1.221094576411709376e+00,-2.171677484750659026e+00,-2.014447598002671314e-01,-5.279425130026574875e-01
4.479999999999999716e+01,1.644609596538233995e+09,3.439976154549450604e-01,1.221094576411709376e+00,-2.874723015682956184e+00,1.221094576411709376e+00,-2.187447078912814646e+00,-2.103043550901482484e-01,-5.351887927544615176e-01
4.481666666666666288e+01,1.644609596554191113e+09,3.552570196465660857e-01,1.189044849996704567e+00,-2.716976273194060987e+00,1.189044849996704567e+00,-2.183534710208801854e+00,-2.192876071953378525e-01,-5.427803716528069033e-01
4.483333333333333570e+01,1.644609596570122480e+09,3.665303964390131397e-01,1.189044849996704567e+00,-2.306834742722930098e+00,1.189044849996704567e+00,-2.159840781340557125e+00,-2.283930644455565984e-01,-5.498548465916524020e-01
4.485000000000000142e+01,1.644609596586133957e+09,3.777717771196908436e-01,1.189044849996704567e+00,-2.362046102594043795e+00,1.189044849996704567e+00,-2.116438957828616019e+00,-2.376094577998945356e-01,-5.560950217011796370e-01
4.486666666666666714e+01,1.644609596606054544e+09,3.889347762554419274e-01,1.028796217921677636e+00,-2.188524685856259033e+00,1.028796217921677636e+00,-2.053575846600008692e+00,-2.469424431133566689e-01,-5.638416968656897454e-01
4.488333333333333286e+01,1.644609596622417927e+09,3.999728886408683848e-01,7.723984066016336136e-01,-2.038665280491807064e+00,7.723984066016336136e-01,-1.971669079210699005e+00,-2.564275704949752765e-01,-5.743444140275555387e-01
4.489999999999999858e+01,1.644609596638823032e+09,4.108397893876236107e-01,5.160005952815897023e-01,-1.786270492509572927e+00,5.160005952815897023e-01,-1.871303816912949003e+00,-2.661078438156166959e-01,-5.872525277341034133e-01
4.491666666666666430e+01,1.644609596656798124e+09,4.214896349538817533e-01,2.916525103765505444e-01,-2.787962307314063803e+00,2.916525103765505444e-01,-1.753227709843510507e+00,-2.760161478281999980e-01,-6.017038103793027615e-01
4.493333333333333002e+01,1.644609596675737858e+09,4.318773628974585388e-01,3.525469905650659153e-02,-1.959791909247359243e+00,3.525469905650659153e-02,-1.618344357362986097e+00,-2.861800941708539936e-01,-6.179246916750901208e-01
4.495000000000000284e+01,1.644609596693675995e+09,4.419589881374283991e-01,-1.249939330185202979e-01,-1.715284458389569888e+00,-1.249939330185202979e-01,-1.467705330881663439e+00,-2.966134753824056780e-01,-6.340362981952082366e-01
4.496666666666666856e+01,1.644609596713674068e+09,4.516918935274420455e-01,-2.531928386785423091e-01,-1.809932503882908161e+00,-2.531928386785423091e-01,-1.302500834215499115e+00,-3.073080467954663608e-01,-6.492699546637149544e-01
4.498333333333333428e+01,1.644609596727625608e+09,4.610351125791796734e-01,-3.172922915085532591e-01,-1.368241624913998811e+00,-3.172922915085532591e-01,-1.124049089503647458e+00,-3.182386140071563618e-01,-6.623617438022283421e-01
4.500000000000000000e+01,1.644609596745992422e+09,4.699496022264216255e-01,-4.454911971685752703e-01,-2.267398057100706854e+00,-4.454911971685752703e-01,-9.337845488509369796e-01,-3.293769969235658679e-01,-6.742112899861441022e-01
4.501666666666666572e+01,1.644609596761942625e+09,4.783985035884708026e-01,-4.775409235835813559e-01,-2.101763977487365320e+00,-4.775409235835813559e-01,-7.332450430272682285e-01,-3.406879637187389953e-01,-6.830800893011518271e-01
